#pos	ref	alt	a_N	b_N	a_T	b_T
150	C	T	60	0	13	41
556779	A	G	68	0	18	32
1486324	G	A	69	0	17	37
2857140	C	T	67	0	18	34
6309595	G	A	55	0	11	29
11062042	T	C	48	0	13	42
15801874	T	C	65	1	16	27
16566934	T	G	56	0	18	31
16572678	C	A	59	0	10	38
16747377	C	T	142	0	92	45
17288242	G	T	60	0	19	33
18707142	T	A	74	0	14	41
20283134	A	T	58	0	14	34
22167516	C	T	100	0	45	47
23307238	A	T	71	0	18	36
27693488	G	C	57	0	13	32
27910482	C	T	67	0	22	28
28383427	G	T	73	0	23	37
34673235	C	T	62	0	45	36
34943752	T	A	76	0	55	45
34961035	C	T	66	0	58	45
35773076	G	A	51	0	49	28
35977629	C	A	61	0	66	30
36049670	C	A	65	0	49	33
37101443	G	T	63	0	59	33
38637666	T	C	62	0	56	41
39591764	C	G	59	0	51	48
40220833	G	T	56	0	38	32
40795381	C	A	48	0	49	41
43161464	G	C	65	0	47	27
45204716	G	A	79	0	18	39
48564780	C	A	65	0	18	46
50022972	G	A	69	0	15	37
50024994	A	C	80	0	12	40
52114369	A	T	55	0	57	29
52761885	A	C	62	0	48	30
54764848	A	G	60	0	56	37
57056756	C	T	40	0	44	39
61263719	A	G	58	0	51	36
64932180	G	A	56	0	47	44
67061162	G	T	47	0	47	33
67714987	T	C	54	0	43	31
68801174	A	G	60	0	41	30
68987724	T	C	72	0	49	31
69125785	T	G	70	0	47	26
69326830	G	T	49	0	52	25
69565947	G	A	66	0	66	33
70541027	G	A	62	0	41	30
70564107	G	A	54	0	63	27
73848527	C	T	60	0	64	48
74699534	C	T	66	0	48	44
75641754	C	T	55	0	50	34
76488200	C	A	65	0	45	39
76546575	C	T	79	0	49	24
76966781	C	T	73	0	61	30
77019338	C	A	68	0	44	40
78881941	G	T	61	0	52	27
79716326	C	T	65	0	57	42
80331848	G	T	69	0	47	28
80513240	C	A	42	0	42	33
80736480	C	T	62	0	57	25
80786722	A	C	66	0	39	33
81288297	G	T	52	0	53	40
81537097	T	C	57	0	61	30
81552786	G	A	56	0	45	32
82628757	C	A	49	0	50	25
83245388	G	A	63	0	43	40
85333330	G	A	63	0	60	38
85892082	C	G	55	0	47	36
85995546	C	T	79	0	42	41
86035502	G	A	64	0	47	26
86282044	G	A	54	0	52	36
87204053	T	A	58	0	18	23
88128357	G	A	61	0	12	29
90680557	A	G	52	0	14	36
91853636	G	T	60	0	11	40
93192515	C	T	63	0	14	33
100184452	C	T	57	0	17	37
101857031	G	A	55	0	20	28
102097505	G	A	65	0	11	32
102857617	G	A	53	0	16	31
103196714	T	A	67	0	21	30
104690287	G	C	61	0	21	27
106338353	T	C	66	0	22	23
109570824	T	A	77	0	13	35
110511338	C	A	57	0	10	35
113124500	C	T	61	0	14	34
116450610	C	G	54	0	20	34
116758424	C	T	57	0	18	31
117907374	A	C	76	0	19	23
118738158	G	A	54	0	7	38
120687577	G	A	62	0	56	25
143917639	C	A	68	0	79	30
144526663	G	A	131	1	111	31
146634904	C	G	83	0	95	11
147122486	A	G	63	0	55	36
148202120	C	T	63	0	56	36
148553915	G	T	84	0	51	29
148815709	G	A	47	0	43	33
150715850	C	T	53	0	46	41
150832478	A	T	72	0	59	38
151157835	G	A	60	0	67	36
152075363	G	T	56	0	43	41
153140293	G	A	69	0	58	35
155503003	T	G	67	0	59	37
155536803	A	G	64	0	61	48
155970715	C	A	61	0	57	29
156322594	C	T	69	0	58	38
156875325	G	T	57	0	48	35
157233036	A	G	65	0	48	34
157299085	G	T	63	0	54	36
157638211	G	A	63	0	43	28
157702543	G	T	74	0	42	28
157791587	G	A	57	0	36	34
158566531	G	A	59	0	63	32
166692941	T	C	61	0	19	25
167123359	G	A	54	0	17	34
167234140	G	A	46	0	28	33
168217387	T	C	53	0	17	36
169985347	T	A	59	0	22	34
171582026	C	T	57	0	18	43
175336025	G	T	57	0	21	50
175401939	C	A	49	0	16	30
178820143	G	T	55	0	12	36
179749509	C	T	53	0	30	35
187146295	G	A	61	0	16	29
187829553	G	T	66	0	17	30
188480588	T	A	58	0	28	38
190355205	C	T	64	0	26	36
191281109	G	C	65	0	21	36
193369326	A	T	60	0	12	30
194283680	C	A	56	0	17	26
202892791	C	T	62	0	63	37
203126329	C	T	60	0	56	34
204612951	T	C	46	0	52	26
205580821	G	T	66	0	46	37
207908397	A	C	55	0	56	35
209512576	A	T	51	0	42	33
209578956	C	A	51	0	67	31
209640918	A	G	74	0	38	38
210134563	G	T	55	0	51	24
212942050	C	T	68	0	47	26
212974570	G	A	54	0	45	27
213010451	C	T	69	0	61	33
214380812	G	A	59	0	52	22
216606251	T	G	74	0	17	36
217838490	C	T	68	0	18	37
220174184	A	C	64	0	14	29
220506775	C	A	60	0	16	30
220981874	T	C	66	0	15	36
221143213	C	T	71	0	36	5
221291237	G	T	59	0	18	32
222407994	C	T	60	0	23	34
224033479	A	T	69	0	8	39
224909331	C	T	54	0	15	36
228460639	C	T	49	0	16	32
228725421	G	A	66	0	13	29
229631643	T	G	52	0	14	31
230767218	C	A	76	0	13	48
231209767	G	C	53	0	15	32
233453056	A	C	57	0	12	42
233696185	C	T	61	0	16	40
235802533	C	T	56	0	18	29
237076758	G	T	59	0	17	31
239327918	T	G	54	0	22	31
239476791	G	T	64	0	12	39
239576237	C	T	56	0	13	41
240570790	T	G	79	0	19	29
242388314	C	T	56	0	22	25
244695806	C	T	60	0	22	36
245685822	C	A	76	0	19	34
