#pos	ref	alt	a_N	b_N	a_T	b_T
150	C	T	53	0	24	12
556779	A	G	62	0	30	20
558867	T	C	73	0	20	16
559737	C	T	60	0	24	20
1486324	G	A	65	0	22	15
2857140	C	T	56	0	24	22
4149358	C	T	61	0	25	25
6108425	G	A	66	0	35	16
6287040	C	T	68	0	26	18
6309595	G	A	61	0	25	19
11062042	T	C	67	0	27	29
11145953	A	C	70	0	17	14
11951633	C	T	66	0	27	19
16020809	T	C	58	0	16	22
16566934	T	G	50	0	22	16
16572678	C	A	74	0	30	24
16693710	G	A	57	0	21	23
16747377	C	T	122	0	81	23
16881046	T	A	69	0	27	23
17288242	G	T	75	0	19	27
18707142	T	A	66	0	35	15
20283134	A	T	55	0	28	26
20918547	C	T	73	0	16	31
22167516	C	T	102	0	46	23
23307238	A	T	66	0	45	24
23348187	T	A	68	0	27	44
25595430	A	C	58	0	41	43
25996272	G	A	72	0	27	45
26622485	C	T	60	0	17	38
27641044	G	A	56	0	32	33
27648589	T	C	67	0	35	53
27693488	G	C	63	0	49	19
27910482	C	T	76	0	33	13
28383427	G	T	61	0	46	20
34360871	C	A	78	0	27	36
34673235	C	T	52	0	53	20
34943752	T	A	63	0	52	21
34961035	C	T	65	0	22	47
35773076	G	A	76	0	50	18
35977629	C	A	66	0	58	24
36049670	C	A	63	0	47	27
37101443	G	T	54	0	19	39
38637666	T	C	54	0	28	34
39591764	C	G	63	0	58	16
40220833	G	T	62	0	30	50
40795381	C	A	76	0	26	39
43161464	G	C	53	0	41	24
44301125	A	G	63	0	32	34
45204716	G	A	58	0	49	24
46517198	G	A	75	0	26	38
48564780	C	A	40	0	37	28
50022972	G	A	58	0	40	29
50024994	A	C	66	0	46	22
52114369	A	T	47	0	54	15
52761885	A	C	55	0	25	39
54764848	A	G	57	0	17	38
57056756	C	T	74	0	42	18
61263719	A	G	74	0	54	21
64932180	G	A	57	0	39	22
67061162	G	T	58	0	32	31
67714987	T	C	47	0	38	31
68801174	A	G	73	0	37	11
68987724	T	C	69	0	23	46
69125785	T	G	78	0	18	43
69326830	G	T	78	0	41	23
69565947	G	A	64	0	48	13
70541027	G	A	63	0	27	37
70564107	G	A	49	0	42	24
73848527	C	T	56	0	25	37
74699534	C	T	50	0	46	16
75641754	C	T	51	0	46	27
76488200	C	A	64	0	22	42
76546575	C	T	50	0	29	17
76966781	C	T	60	0	30	18
77019338	C	A	55	0	39	18
78881941	G	T	68	0	27	48
79716326	C	T	62	0	44	21
80331848	G	T	45	0	56	23
80513240	C	A	49	0	53	22
80736480	C	T	60	0	28	47
80786722	A	C	77	0	24	41
81288297	G	T	63	0	20	47
81537097	T	C	68	0	17	42
81552786	G	A	63	0	24	37
82628757	C	A	62	0	18	43
83245388	G	A	65	0	24	42
85333330	G	A	68	0	33	28
85892082	C	G	86	0	43	25
85995546	C	T	63	0	46	22
86035502	G	A	64	0	50	20
86282044	G	A	54	0	20	45
87204053	T	A	59	0	56	24
87508765	C	T	70	0	16	37
88128357	G	A	71	0	44	16
90680557	A	G	60	0	37	25
91628474	G	T	63	0	19	45
91853636	G	T	65	0	53	19
93058503	T	C	51	0	23	38
93192515	C	T	71	0	53	21
99011105	C	A	74	0	28	37
100184452	C	T	51	0	40	29
100463993	T	A	59	0	26	41
101857031	G	A	55	0	41	17
102097505	G	A	57	0	39	18
102857617	G	A	63	0	47	22
103196714	T	A	63	0	41	20
104157232	G	A	46	0	20	45
104690287	G	C	55	0	49	22
105978620	C	A	64	0	26	32
105978717	T	A	67	0	29	39
106338353	T	C	46	0	47	23
106769684	C	T	55	0	26	48
107469364	A	T	67	0	19	45
108596533	A	T	130	0	92	24
109570824	T	A	54	0	44	15
110511338	C	A	73	0	38	20
111818919	G	C	56	0	24	55
113124500	C	T	60	0	40	14
114582686	G	A	53	0	25	39
116450610	C	G	63	0	43	23
116758424	C	T	62	0	32	19
117353413	C	A	51	0	20	37
117907374	A	C	68	0	35	13
118738158	G	A	72	0	45	22
119095912	G	A	59	0	24	46
119680923	C	A	67	0	20	32
120687577	G	A	85	0	67	14
121043647	T	G	55	0	10	9
142381526	G	A	59	0	22	21
142794820	C	T	62	0	26	41
143675731	T	A	45	0	34	37
143917639	C	A	54	0	45	51
144526663	G	A	117	0	77	34
146634904	C	G	79	0	57	12
147122486	A	G	58	0	53	15
148202120	C	T	62	0	18	52
148553915	G	T	56	0	47	30
148815709	G	A	67	0	53	23
150715850	C	T	58	0	55	29
150832478	A	T	70	0	42	30
151157835	G	A	49	0	41	18
152075363	G	T	51	0	45	21
153140293	G	A	71	0	46	28
155503003	T	G	42	0	42	13
155536803	A	G	53	0	25	45
155970715	C	A	50	0	42	18
156322594	C	T	52	0	48	19
156875325	G	T	47	0	34	20
157233036	A	G	58	0	34	25
157299085	G	T	51	0	48	21
157638211	G	A	68	0	46	23
157702543	G	T	64	0	26	43
157791587	G	A	55	0	27	37
158566531	G	A	81	0	50	19
162242705	G	A	60	0	28	34
163130056	A	T	69	0	27	47
164491278	A	C	49	0	14	39
166102629	G	A	62	0	34	41
166692941	T	C	49	0	51	15
167123359	G	A	77	0	47	18
167234140	G	A	60	0	44	11
168217387	T	C	51	0	60	13
169162280	G	T	62	0	22	28
169927447	C	A	69	0	31	23
169985347	T	A	72	0	31	20
171582026	C	T	56	0	40	21
175085672	C	G	68	0	22	40
175336025	G	T	65	0	43	15
175401939	C	A	87	0	46	18
177778917	G	T	51	0	26	49
178207649	A	G	57	0	18	46
178820143	G	T	53	0	48	23
179749509	C	T	55	0	40	18
183811768	C	A	64	0	27	58
184353000	G	T	63	0	18	45
185053557	C	A	53	0	23	40
185719178	G	T	61	0	28	52
187146295	G	A	58	0	38	22
187756887	C	A	64	0	24	44
187829553	G	T	67	0	44	20
188429027	G	T	73	0	26	50
188480588	T	A	52	0	51	30
189305807	A	T	55	0	22	30
190355205	C	T	55	0	38	16
191281109	G	C	69	0	34	23
192068898	C	T	63	0	25	36
193369326	A	T	70	0	40	19
193824454	G	A	65	0	21	36
193832389	G	A	56	0	22	32
194283680	C	A	67	0	54	14
194408792	G	A	49	0	20	52
195890907	A	G	65	0	32	28
198560885	G	A	56	0	28	34
198825382	A	T	51	0	25	46
199032422	G	T	61	0	23	42
202892791	C	T	73	0	53	19
203126329	C	T	41	0	44	23
204612951	T	C	55	0	21	25
205580821	G	T	60	0	59	21
207908397	A	C	55	0	24	26
209512576	A	T	67	0	36	19
209578956	C	A	66	0	23	47
209640918	A	G	51	0	44	19
210134563	G	T	65	0	18	46
212942050	C	T	68	0	36	28
212974570	G	A	73	0	24	46
213010451	C	T	57	0	30	46
214380812	G	A	56	0	45	25
216606251	T	G	57	0	45	22
216766508	G	A	67	0	30	43
217341205	C	T	58	0	33	46
217838490	C	T	58	0	53	16
220174184	A	C	57	0	48	19
220376764	C	A	61	0	20	35
220506775	C	A	75	0	56	21
220981874	T	C	67	0	31	14
221143213	C	T	64	0	51	3
221291237	G	T	57	0	40	20
222407994	C	T	61	0	47	23
222628108	A	G	71	0	21	44
224033479	A	T	73	0	42	13
224096985	G	T	68	0	28	41
224909331	C	T	54	0	49	20
226723494	G	A	45	0	15	38
227462545	G	A	63	0	29	47
227771686	G	C	62	0	27	32
228460639	C	T	51	0	44	20
228725421	G	A	56	0	35	17
228807248	A	G	55	0	14	35
229631643	T	G	67	0	44	21
230767218	C	A	78	0	33	20
231209767	G	C	74	0	43	18
233310408	G	A	60	0	30	21
233453056	A	C	51	0	20	30
233696185	C	T	67	0	35	31
233974826	A	G	58	0	31	22
235397978	G	T	43	0	25	18
235802533	C	T	64	0	16	19
236106926	G	A	68	0	23	15
236120219	T	G	56	0	23	18
236169729	G	A	51	0	26	18
236255982	G	A	76	0	24	22
236295183	C	T	61	0	24	17
237076758	G	T	51	0	25	18
239001984	G	T	75	0	21	21
239327918	T	G	57	0	20	29
239476791	G	T	63	0	29	22
239576237	C	T	59	0	25	31
240109943	G	A	66	0	20	19
240570790	T	G	54	0	20	18
241189455	G	A	65	0	27	21
242581980	G	A	73	0	1	17
245225763	G	A	56	0	7	28
