#pos	ref	alt	a_N	b_N	a_T	b_T
150	C	T	53	0	26	28
556779	A	G	66	0	23	18
558867	T	C	56	0	30	14
559737	C	T	54	0	33	26
1486324	G	A	82	0	23	32
2857140	C	T	58	0	23	28
4149358	C	T	67	0	27	23
6108425	G	A	57	0	27	17
6287040	C	T	66	0	25	17
6309595	G	A	71	0	30	33
11062042	T	C	68	0	25	28
11145953	A	C	70	0	29	16
11951633	C	T	63	0	19	13
15801874	T	C	60	0	16	12
16020809	T	C	51	0	28	20
16566934	T	G	76	0	22	20
16572678	C	A	54	0	33	20
16693710	G	A	59	0	26	27
16747377	C	T	156	0	94	19
16881046	T	A	70	0	28	29
17288242	G	T	56	0	27	19
18707142	T	A	59	0	19	16
20283134	A	T	66	0	24	25
20918547	C	T	68	0	27	21
22167516	C	T	100	0	46	26
23307238	A	T	43	0	27	29
23348187	T	A	53	0	19	22
25595430	A	C	86	0	37	11
25996272	G	A	70	0	23	25
26622485	C	T	63	0	31	27
27641044	G	A	48	0	27	28
27648589	T	C	59	0	22	26
27693488	G	C	58	0	23	24
27910482	C	T	73	0	27	18
28383427	G	T	70	0	29	19
34360871	C	A	80	0	33	22
34673235	C	T	60	0	22	23
34943752	T	A	57	0	20	16
34961035	C	T	60	0	31	29
35773076	G	A	61	0	23	18
35977629	C	A	65	0	21	23
36049670	C	A	64	0	34	35
37101443	G	T	55	0	24	23
39591764	C	G	70	0	5	80
43161464	G	C	71	0	3	80
45204716	G	A	55	0	3	63
48564780	C	A	56	0	5	66
50022972	G	A	53	0	5	67
50024994	A	C	68	0	8	72
52114369	A	T	61	0	2	79
57056756	C	T	62	0	33	17
61263719	A	G	56	0	28	28
64932180	G	A	55	0	25	27
67061162	G	T	66	0	23	18
67714987	T	C	65	0	21	23
68801174	A	G	71	0	28	15
68987724	T	C	50	0	29	23
69125785	T	G	74	0	26	19
69326830	G	T	66	0	16	25
69565947	G	A	61	0	34	12
70541027	G	A	53	0	37	19
70564107	G	A	50	0	29	23
73848527	C	T	60	0	23	22
76488200	C	A	62	0	4	65
78881941	G	T	73	0	7	62
80736480	C	T	54	0	2	72
80786722	A	C	58	0	1	75
81288297	G	T	53	0	4	68
81537097	T	C	59	0	7	66
81552786	G	A	57	0	9	80
82628757	C	A	66	0	4	71
83245388	G	A	56	0	4	64
86282044	G	A	55	0	4	68
87508765	C	T	71	0	1	53
91628474	G	T	58	0	5	54
93058503	T	C	73	0	5	55
99011105	C	A	53	0	4	57
100463993	T	A	63	0	6	71
102857617	G	A	63	0	22	32
103196714	T	A	74	0	20	32
104157232	G	A	62	0	37	22
104690287	G	C	65	0	35	24
105978620	C	A	63	0	22	17
105978717	T	A	57	0	21	19
106338353	T	C	57	0	25	19
106769684	C	T	66	0	26	28
107469364	A	T	66	0	28	26
108596533	A	T	130	0	69	16
109570824	T	A	53	0	18	27
110511338	C	A	63	0	25	17
111818919	G	C	72	0	31	25
113124500	C	T	63	0	20	25
114582686	G	A	61	0	33	26
116450610	C	G	64	0	31	28
116758424	C	T	58	0	20	28
117353413	C	A	77	0	32	32
117907374	A	C	74	0	28	25
118738158	G	A	63	0	31	23
119095912	G	A	54	0	28	28
119680923	C	A	60	0	28	26
120687577	G	A	76	0	40	7
121043647	T	G	47	0	23	8
142381526	G	A	59	0	24	9
142794820	C	T	60	0	31	14
143675731	T	A	80	0	32	24
143917639	C	A	67	0	41	21
144526663	G	A	105	0	66	18
146634904	C	G	80	0	46	8
147122486	A	G	70	0	38	12
148202120	C	T	74	0	5	78
155536803	A	G	67	0	2	98
157702543	G	T	58	0	5	86
157791587	G	A	61	0	5	88
162242705	G	A	61	0	3	85
163130056	A	T	64	0	5	87
164491278	A	C	56	0	5	89
166102629	G	A	62	0	6	90
169162280	G	T	60	0	2	89
169927447	C	A	60	0	4	61
175085672	C	G	50	0	25	21
175336025	G	T	65	0	27	16
175401939	C	A	85	0	29	19
177778917	G	T	74	0	27	27
178207649	A	G	83	0	30	29
178820143	G	T	58	0	23	26
179749509	C	T	66	0	22	19
183811768	C	A	48	0	21	30
184353000	G	T	70	0	25	30
185053557	C	A	56	0	31	15
185719178	G	T	63	0	34	26
187146295	G	A	66	0	17	25
187756887	C	A	71	0	38	19
187829553	G	T	79	0	29	25
188429027	G	T	73	0	24	15
188480588	T	A	60	0	12	14
189305807	A	T	45	0	14	20
190355205	C	T	66	0	31	25
191281109	G	C	55	0	31	26
192068898	C	T	63	0	29	15
193369326	A	T	40	0	25	19
193824454	G	A	63	0	27	32
193832389	G	A	68	0	30	17
194283680	C	A	59	0	30	19
194408792	G	A	68	0	35	18
195890907	A	G	65	0	25	22
198560885	G	A	68	0	30	18
198825382	A	T	65	0	20	27
199032422	G	T	62	0	30	16
202892791	C	T	68	0	23	22
203126329	C	T	59	0	25	19
204612951	T	C	46	0	24	16
205580821	G	T	62	0	25	20
209512576	A	T	67	0	3	79
209640918	A	G	56	0	4	84
212942050	C	T	59	0	2	85
213169665	G	T	64	0	13	12
214380812	G	A	76	0	8	84
216606251	T	G	65	0	8	103
217838490	C	T	65	0	4	88
220174184	A	C	67	0	2	97
220506775	C	A	57	0	4	97
220981874	T	C	55	0	2	76
221143213	C	T	66	0	12	13
221291237	G	T	68	0	4	106
222407994	C	T	52	0	5	87
224033479	A	T	58	0	3	85
224909331	C	T	61	0	1	88
227462545	G	A	63	0	32	23
227771686	G	C	61	0	24	21
228460639	C	T	72	0	21	27
228725421	G	A	72	0	27	23
228807248	A	G	57	0	27	20
229631643	T	G	61	0	23	21
230767218	C	A	57	0	28	16
231209767	G	C	63	0	31	23
233310408	G	A	46	0	29	22
233453056	A	C	61	0	27	27
233696185	C	T	60	0	32	16
233974826	A	G	63	0	30	26
235397978	G	T	69	0	21	18
235802533	C	T	60	0	25	28
236106926	G	A	53	0	18	18
236120219	T	G	67	0	18	21
236169729	G	A	59	0	22	17
236255982	G	A	63	0	27	26
236295183	C	T	64	0	31	11
237076758	G	T	58	0	29	28
239001984	G	T	67	0	18	21
239327918	T	G	56	0	27	22
239476791	G	T	56	0	21	26
239576237	C	T	68	0	27	15
240109943	G	A	65	0	34	25
240570790	T	G	56	0	22	15
241189455	G	A	69	0	19	20
242388314	C	T	75	0	19	18
242581980	G	A	59	0	28	19
244695806	C	T	59	0	25	31
245225763	G	A	66	0	31	27
245685822	C	A	67	0	14	23
