#pos	ref	alt	a_N	b_N	a_T	b_T
558867	T	C	60	0	4	55
559737	C	T	58	0	4	56
4149358	C	T	68	0	12	57
6108425	G	A	62	0	9	46
6287040	C	T	62	0	7	52
11145953	A	C	72	0	5	42
11951633	C	T	64	0	7	59
16020809	T	C	70	0	4	70
16693710	G	A	65	0	7	43
16881046	T	A	70	0	24	63
20918547	C	T	79	0	9	56
23348187	T	A	61	0	8	55
25595430	A	C	77	0	16	56
25996272	G	A	66	0	4	59
26622485	C	T	71	0	5	47
27641044	G	A	49	0	8	62
27648589	T	C	66	0	4	45
34360871	C	A	62	0	3	60
34961035	C	T	81	0	10	55
37101443	G	T	61	0	8	65
38637666	T	C	60	0	8	60
40220833	G	T	48	0	9	62
40795381	C	A	55	0	7	56
44301125	A	G	54	0	2	67
46517198	G	A	58	0	6	41
52761885	A	C	59	0	5	50
54764848	A	G	58	0	6	59
67061162	G	T	63	0	6	50
67714987	T	C	59	0	10	46
68987724	T	C	66	0	4	63
69125785	T	G	66	0	5	46
70541027	G	A	74	0	2	55
73848527	C	T	65	0	6	60
76488200	C	A	66	0	6	55
78881941	G	T	55	0	8	53
80736480	C	T	63	0	6	54
80786722	A	C	68	0	5	55
81288297	G	T	57	0	5	56
81537097	T	C	64	0	5	72
81552786	G	A	61	0	8	53
82628757	C	A	76	0	2	53
83245388	G	A	55	0	3	59
86282044	G	A	65	0	7	46
87508765	C	T	66	0	7	53
91628474	G	T	60	0	3	53
93058503	T	C	70	0	6	65
99011105	C	A	66	0	8	49
100463993	T	A	68	0	3	54
104157232	G	A	54	0	7	45
105978620	C	A	52	0	2	53
105978717	T	A	56	0	4	48
106769684	C	T	74	0	9	52
107469364	A	T	64	0	6	59
108596533	A	T	120	0	76	60
111818919	G	C	54	0	6	42
114582686	G	A	53	0	11	44
117353413	C	A	61	0	5	43
119095912	G	A	54	0	2	72
119680923	C	A	63	0	7	54
120687577	G	A	73	0	48	26
121043647	T	G	55	0	25	5
142381526	G	A	57	0	40	13
142794820	C	T	81	0	20	32
143675731	T	A	71	0	44	34
143917639	C	A	83	0	48	27
144526663	G	A	135	0	76	24
146634904	C	G	85	0	63	9
147122486	A	G	66	0	40	41
148202120	C	T	52	0	42	23
148553915	G	T	57	0	30	19
148815709	G	A	59	0	32	32
150715850	C	T	55	0	26	34
150832478	A	T	85	0	39	28
151157835	G	A	70	0	36	33
152075363	G	T	61	0	36	21
153140293	G	A	76	0	34	17
155503003	T	G	69	0	30	26
155536803	A	G	54	0	16	37
155970715	C	A	63	0	33	24
156322594	C	T	58	0	28	22
156875325	G	T	69	0	35	21
157233036	A	G	50	0	30	38
157299085	G	T	73	0	35	30
157638211	G	A	63	0	26	20
157702543	G	T	58	0	19	34
157791587	G	A	57	0	26	31
158566531	G	A	70	0	42	25
162242705	G	A	71	0	30	26
163130056	A	T	55	0	34	29
164491278	A	C	62	0	31	33
166102629	G	A	67	0	24	18
166692941	T	C	52	0	44	25
167123359	G	A	50	0	30	27
167234140	G	A	59	0	35	29
168217387	T	C	60	0	29	30
169162280	G	T	63	0	27	23
169927447	C	A	53	0	33	15
169985347	T	A	68	0	34	29
171582026	C	T	52	0	32	26
175085672	C	G	69	0	28	34
175336025	G	T	56	0	33	33
175401939	C	A	63	0	31	23
177778917	G	T	57	0	34	33
178207649	A	G	60	0	32	34
178820143	G	T	49	0	35	30
179749509	C	T	66	0	31	24
183811768	C	A	58	0	35	26
184353000	G	T	57	0	34	22
185053557	C	A	58	0	48	32
185719178	G	T	64	0	34	39
187146295	G	A	57	0	36	17
187756887	C	A	67	0	41	15
187829553	G	T	65	0	28	28
188429027	G	T	60	0	133	20
188480588	T	A	52	0	37	123
189305807	A	T	65	0	29	25
190355205	C	T	77	0	29	31
191281109	G	C	66	0	36	24
192068898	C	T	58	0	40	15
193369326	A	T	64	0	40	29
193824454	G	A	54	0	34	31
193832389	G	A	58	0	31	27
194283680	C	A	67	0	26	30
194408792	G	A	60	0	28	34
195890907	A	G	59	0	32	16
198560885	G	A	58	0	35	32
198825382	A	T	72	0	39	30
199032422	G	T	55	0	46	20
202892791	C	T	72	0	41	33
203126329	C	T	70	0	38	24
204612951	T	C	46	0	21	18
205580821	G	T	71	0	37	29
207908397	A	C	62	0	34	30
209512576	A	T	60	0	32	24
209578956	C	A	57	0	29	32
209640918	A	G	60	0	29	27
210134563	G	T	62	0	34	22
212942050	C	T	52	0	31	26
212974570	G	A	59	0	30	31
213010451	C	T	54	0	44	30
213169665	G	T	66	0	33	5
214380812	G	A	58	0	30	28
216606251	T	G	68	0	31	22
216766508	G	A	57	0	33	31
217341205	C	T	78	0	26	25
217838490	C	T	51	0	28	22
220174184	A	C	55	0	34	25
220376764	C	A	57	0	30	24
220506775	C	A	62	0	30	26
220981874	T	C	48	0	40	32
221143213	C	T	66	0	57	7
221291237	G	T	49	0	32	28
222407994	C	T	64	0	30	108
222628108	A	G	57	0	105	29
224033479	A	T	55	0	36	26
224096985	G	T	63	0	25	24
224909331	C	T	59	0	38	24
226723494	G	A	71	0	34	31
227462545	G	A	56	0	32	24
227771686	G	C	67	0	38	33
228460639	C	T	51	0	35	26
228725421	G	A	52	0	37	31
228807248	A	G	66	0	45	23
229631643	T	G	62	0	28	40
230767218	C	A	60	0	31	24
231209767	G	C	70	0	27	19
233310408	G	A	64	0	36	26
233453056	A	C	63	0	32	31
233696185	C	T	47	0	34	29
233974826	A	G	52	0	34	21
235397978	G	T	76	0	33	23
235802533	C	T	56	0	30	24
236106926	G	A	56	0	28	31
236120219	T	G	62	0	30	22
236169729	G	A	68	0	24	17
236255982	G	A	62	0	34	27
236295183	C	T	50	0	35	21
237076758	G	T	57	0	42	31
239001984	G	T	57	0	27	35
239327918	T	G	67	0	32	29
239476791	G	T	48	0	43	26
239576237	C	T	60	0	33	31
240109943	G	A	72	0	31	22
240570790	T	G	57	0	35	25
241189455	G	A	50	0	28	23
242388314	C	T	60	0	42	23
242581980	G	A	65	0	28	18
244695806	C	T	63	0	45	28
245225763	G	A	54	0	32	27
245685822	C	A	65	0	39	31
