#pos	ref	alt	a_N	b_N	a_T	b_T
150	C	T	67	0	47	13
556779	A	G	73	0	36	8
558867	T	C	79	0	36	14
559737	C	T	53	0	41	17
1486324	G	A	69	0	49	13
2857140	C	T	63	0	39	9
4149358	C	T	55	0	41	12
6108425	G	A	76	0	35	10
6287040	C	T	60	0	48	17
6309595	G	A	56	0	43	7
11062042	T	C	59	0	35	9
11145953	A	C	82	0	33	12
11951633	C	T	57	0	32	12
15801874	T	C	59	1	47	11
16020809	T	C	59	0	38	15
16566934	T	G	66	0	37	13
16572678	C	A	67	0	29	13
16693710	G	A	68	0	34	9
16747377	C	T	143	0	106	9
16881046	T	A	68	0	54	13
17288242	G	T	71	0	32	16
18707142	T	A	46	0	42	16
20283134	A	T	64	0	66	20
20918547	C	T	55	0	52	25
22167516	C	T	94	0	90	14
23307238	A	T	57	0	63	15
23348187	T	A	60	0	56	26
25595430	A	C	56	0	41	27
25996272	G	A	68	0	34	29
26622485	C	T	70	0	38	33
27641044	G	A	64	0	33	23
27648589	T	C	57	0	36	37
27693488	G	C	77	0	38	14
27910482	C	T	60	0	54	19
28383427	G	T	67	0	50	12
34360871	C	A	58	0	36	18
34673235	C	T	58	0	48	14
34943752	T	A	53	0	38	16
34961035	C	T	63	0	46	26
35773076	G	A	62	0	47	19
35977629	C	A	67	0	60	11
36049670	C	A	57	0	66	13
37101443	G	T	52	0	33	23
38637666	T	C	56	0	29	22
39591764	C	G	64	0	61	19
40220833	G	T	57	0	44	31
40795381	C	A	59	0	37	22
43161464	G	C	60	0	54	14
44301125	A	G	78	0	40	22
45204716	G	A	69	0	46	13
46517198	G	A	65	0	40	23
48564780	C	A	74	0	54	17
50022972	G	A	60	0	53	12
50024994	A	C	59	0	61	16
52114369	A	T	66	0	47	12
52761885	A	C	62	0	39	29
54764848	A	G	52	0	51	36
57056756	C	T	50	0	52	8
61263719	A	G	65	0	59	19
64932180	G	A	51	0	48	12
67061162	G	T	68	0	32	30
67714987	T	C	51	0	38	19
68801174	A	G	64	0	48	11
68987724	T	C	59	0	41	20
69125785	T	G	55	0	38	28
69326830	G	T	54	0	48	15
69565947	G	A	62	0	51	17
70541027	G	A	52	0	29	17
70564107	G	A	62	0	44	9
73848527	C	T	61	0	36	20
74699534	C	T	49	0	54	13
75641754	C	T	42	0	63	15
76488200	C	A	79	0	48	28
76546575	C	T	69	0	52	13
76966781	C	T	63	0	49	13
77019338	C	A	49	0	43	15
78881941	G	T	56	0	49	24
79716326	C	T	74	0	57	11
80331848	G	T	58	0	47	10
80513240	C	A	70	0	46	9
80736480	C	T	60	0	30	22
80786722	A	C	52	0	39	22
81288297	G	T	52	0	38	31
81537097	T	C	75	0	34	26
81552786	G	A	55	0	35	31
82628757	C	A	68	0	38	26
83245388	G	A	61	0	43	31
85333330	G	A	59	0	57	8
85892082	C	G	52	0	57	16
85995546	C	T	72	0	40	13
86035502	G	A	64	0	69	16
86282044	G	A	76	0	29	18
87204053	T	A	52	0	58	17
87508765	C	T	58	0	35	18
88128357	G	A	52	0	54	21
90680557	A	G	47	0	54	10
91628474	G	T	69	0	29	19
91853636	G	T	68	0	41	13
93058503	T	C	54	0	31	22
93192515	C	T	68	0	65	11
99011105	C	A	48	0	36	24
100184452	C	T	65	0	53	18
100463993	T	A	49	0	41	38
101857031	G	A	62	0	63	10
102097505	G	A	65	0	50	7
102857617	G	A	66	0	47	13
103196714	T	A	54	0	50	13
104157232	G	A	61	0	31	25
104690287	G	C	59	0	48	16
105978620	C	A	56	0	49	34
105978717	T	A	77	0	40	22
106338353	T	C	69	0	43	14
106769684	C	T	61	0	32	33
107469364	A	T	59	0	45	27
108596533	A	T	128	0	107	21
109570824	T	A	54	0	54	11
110511338	C	A	57	0	40	12
111818919	G	C	72	0	38	18
113124500	C	T	76	0	47	11
114582686	G	A	52	0	59	24
116450610	C	G	68	0	58	13
116758424	C	T	66	0	49	9
117353413	C	A	72	0	53	22
117907374	A	C	61	0	50	13
118738158	G	A	57	0	57	14
119095912	G	A	59	0	35	34
119680923	C	A	63	0	43	16
120687577	G	A	87	0	80	8
121043647	T	G	45	0	33	3
142381526	G	A	68	0	33	6
142794820	C	T	63	0	28	24
143675731	T	A	79	0	53	22
143917639	C	A	69	0	43	36
146634904	C	G	90	0	61	7
147122486	A	G	54	0	54	17
148202120	C	T	70	0	45	26
148553915	G	T	50	0	54	15
148815709	G	A	66	0	55	7
150715850	C	T	69	0	65	14
150832478	A	T	62	0	55	10
151157835	G	A	72	0	59	12
152075363	G	T	57	0	38	8
153140293	G	A	62	0	38	14
155503003	T	G	55	0	42	17
155536803	A	G	64	0	36	28
155970715	C	A	61	0	48	16
156322594	C	T	65	0	50	13
156875325	G	T	58	0	40	13
157233036	A	G	75	0	45	12
157299085	G	T	54	0	55	13
157638211	G	A	71	0	44	16
157702543	G	T	67	0	44	27
157791587	G	A	58	0	37	26
158566531	G	A	64	0	51	9
162242705	G	A	57	0	44	23
163130056	A	T	49	0	40	22
164491278	A	C	70	0	45	28
166102629	G	A	67	0	28	25
166692941	T	C	64	0	62	16
167123359	G	A	72	0	52	18
167234140	G	A	75	0	60	14
168217387	T	C	52	0	53	12
169162280	G	T	54	0	35	19
169927447	C	A	58	0	42	20
169985347	T	A	56	0	47	15
171582026	C	T	65	0	45	11
175085672	C	G	66	0	37	34
175336025	G	T	65	0	40	12
175401939	C	A	60	0	45	12
177778917	G	T	52	0	41	26
178207649	A	G	47	0	45	19
178820143	G	T	65	0	45	13
179749509	C	T	48	0	43	10
183811768	C	A	53	0	29	18
184353000	G	T	58	0	40	24
185053557	C	A	47	0	24	21
185719178	G	T	72	0	34	25
187146295	G	A	49	0	36	14
187756887	C	A	48	0	30	26
187829553	G	T	71	0	65	13
188429027	G	T	64	0	37	26
188480588	T	A	77	0	55	11
189305807	A	T	61	0	41	21
190355205	C	T	64	0	59	7
191281109	G	C	54	0	44	13
192068898	C	T	63	0	26	34
193369326	A	T	68	0	46	17
193824454	G	A	77	0	41	19
193832389	G	A	61	0	44	29
194283680	C	A	58	0	55	13
194408792	G	A	64	0	33	22
195890907	A	G	62	0	40	26
198560885	G	A	59	0	35	29
198825382	A	T	49	0	40	23
199032422	G	T	65	0	24	25
202892791	C	T	55	0	69	13
203126329	C	T	57	0	49	17
204612951	T	C	41	0	32	24
205580821	G	T	71	0	43	9
207908397	A	C	75	0	38	27
209512576	A	T	70	0	57	13
209578956	C	A	56	0	44	22
209640918	A	G	75	0	53	17
210134563	G	T	57	0	38	29
212942050	C	T	64	0	45	20
212974570	G	A	55	0	37	18
213010451	C	T	54	0	38	26
214380812	G	A	64	0	56	12
216606251	T	G	58	0	47	22
216766508	G	A	60	0	42	24
217341205	C	T	57	0	40	22
217838490	C	T	57	0	74	9
220174184	A	C	64	0	49	10
220376764	C	A	60	0	39	23
220506775	C	A	58	0	51	12
220981874	T	C	68	0	47	12
221291237	G	T	56	0	50	14
222407994	C	T	65	0	47	12
222628108	A	G	65	0	33	26
224033479	A	T	72	0	45	13
224096985	G	T	71	0	49	13
224909331	C	T	66	0	28	7
226723494	G	A	71	0	35	14
227462545	G	A	56	0	29	13
227771686	G	C	59	0	45	8
228460639	C	T	59	0	25	18
228725421	G	A	69	0	29	7
228807248	A	G	66	0	39	9
229631643	T	G	55	0	48	16
230767218	C	A	70	0	32	11
231209767	G	C	53	0	35	15
233310408	G	A	69	0	43	11
233453056	A	C	63	0	36	12
233696185	C	T	68	0	29	15
233974826	A	G	68	0	38	8
235397978	G	T	64	0	43	15
235802533	C	T	64	0	41	19
236106926	G	A	58	0	41	15
236120219	T	G	66	0	43	12
236169729	G	A	77	0	26	8
236255982	G	A	72	0	27	13
236295183	C	T	73	0	31	14
239001984	G	T	68	0	41	14
240109943	G	A	63	0	25	15
241189455	G	A	57	0	23	14
242581980	G	A	60	0	32	23
245225763	G	A	68	0	32	17
