#pos	ref	alt	a_N	b_N	a_T	b_T
150	C	T	62	0	29	17
556779	A	G	47	0	21	18
1486324	G	A	62	0	30	27
2857140	C	T	61	0	33	17
6309595	G	A	60	0	29	18
11062042	T	C	62	0	19	21
15801874	T	C	64	0	47	17
16020809	T	C	65	0	49	27
16566934	T	G	57	0	62	23
16572678	C	A	67	0	57	21
16693710	G	A	61	0	52	34
16747377	C	T	142	0	149	22
16881046	T	A	58	0	54	30
17288242	G	T	56	0	44	17
18707142	T	A	64	0	55	30
20283134	A	T	55	0	41	20
20918547	C	T	60	0	50	22
22167516	C	T	116	0	97	19
23307238	A	T	64	0	48	14
23348187	T	A	63	0	64	23
25595430	A	C	75	0	78	23
25996272	G	A	72	0	59	15
26622485	C	T	45	0	54	12
27641044	G	A	50	0	60	27
27648589	T	C	64	0	43	23
27693488	G	C	63	0	52	25
27910482	C	T	54	0	50	26
28383427	G	T	61	0	56	15
34360871	C	A	54	0	46	29
34673235	C	T	58	0	46	16
34943752	T	A	60	0	59	21
34961035	C	T	58	0	68	12
35773076	G	A	63	0	54	28
35977629	C	A	77	0	60	12
36049670	C	A	70	0	53	24
37101443	G	T	48	0	51	21
38637666	T	C	58	0	52	23
39591764	C	G	56	0	41	20
40220833	G	T	67	0	47	22
40795381	C	A	55	0	50	19
43161464	G	C	67	0	21	19
45204716	G	A	66	0	26	20
48564780	C	A	60	0	33	10
50022972	G	A	60	0	27	21
50024994	A	C	68	0	32	22
52114369	A	T	69	0	31	12
57056756	C	T	59	0	35	28
61263719	A	G	62	0	24	12
64932180	G	A	67	0	28	18
68801174	A	G	65	0	33	32
69326830	G	T	58	0	29	17
69565947	G	A	70	0	36	14
70564107	G	A	62	0	31	21
74699534	C	T	64	0	31	24
75641754	C	T	61	0	32	16
76546575	C	T	69	0	34	17
76966781	C	T	57	0	29	23
77019338	C	A	63	0	25	23
78881941	G	T	74	0	51	29
79716326	C	T	60	0	45	23
80331848	G	T	80	0	52	26
80513240	C	A	82	0	51	24
80736480	C	T	55	0	56	24
80786722	A	C	58	0	43	21
81288297	G	T	58	0	47	30
81537097	T	C	57	0	51	22
81552786	G	A	73	0	56	14
82628757	C	A	68	0	47	22
83245388	G	A	69	0	50	19
85333330	G	A	66	0	52	19
85892082	C	G	72	0	45	25
85995546	C	T	42	0	54	25
86035502	G	A	65	0	39	20
86282044	G	A	59	0	56	29
87204053	T	A	54	0	54	21
87508765	C	T	71	0	44	23
88128357	G	A	71	0	53	21
90680557	A	G	48	0	54	18
91628474	G	T	60	0	52	23
91853636	G	T	55	0	50	18
93058503	T	C	59	0	43	19
93192515	C	T	60	0	52	21
99011105	C	A	69	0	48	20
100184452	C	T	78	0	48	24
100463993	T	A	55	0	59	18
101857031	G	A	58	0	37	23
102097505	G	A	75	0	53	16
102857617	G	A	74	0	56	19
103196714	T	A	52	0	56	30
104157232	G	A	56	0	44	17
104690287	G	C	56	0	51	17
105978620	C	A	66	0	44	19
105978717	T	A	56	0	47	22
106338353	T	C	52	0	45	22
106769684	C	T	68	0	33	23
107469364	A	T	64	0	52	18
108596533	A	T	140	0	138	26
109570824	T	A	61	0	60	17
110511338	C	A	61	0	53	21
111818919	G	C	71	0	62	22
113124500	C	T	55	0	55	21
116450610	C	G	64	0	23	33
116758424	C	T	54	0	30	23
117907374	A	C	56	0	27	19
118738158	G	A	63	0	29	20
120687577	G	A	71	0	47	21
143917639	C	A	64	0	53	35
144526663	G	A	83	0	93	17
146634904	C	G	93	0	73	3
147122486	A	G	74	0	38	31
148202120	C	T	70	0	66	26
148553915	G	T	44	0	47	30
148815709	G	A	50	0	52	21
150715850	C	T	54	0	45	24
150832478	A	T	63	0	48	20
151157835	G	A	73	0	40	20
152075363	G	T	62	0	50	25
153140293	G	A	56	0	60	19
155503003	T	G	74	0	58	22
155536803	A	G	59	0	56	21
155970715	C	A	55	0	52	20
156322594	C	T	63	0	44	30
156875325	G	T	49	0	59	22
157233036	A	G	66	0	50	24
157299085	G	T	55	0	64	23
157638211	G	A	66	0	35	19
157702543	G	T	68	0	49	19
157791587	G	A	74	0	46	18
158566531	G	A	56	0	51	18
166692941	T	C	64	0	40	29
167123359	G	A	58	0	29	25
167234140	G	A	64	0	35	21
168217387	T	C	71	0	34	24
169985347	T	A	48	0	24	24
171582026	C	T	52	0	41	24
175336025	G	T	58	0	31	17
175401939	C	A	75	0	33	17
178820143	G	T	63	0	21	18
179749509	C	T	49	0	24	18
187146295	G	A	63	0	40	21
187829553	G	T	68	0	24	24
188480588	T	A	66	0	32	19
190355205	C	T	63	0	26	24
191281109	G	C	63	0	33	16
192068898	C	T	74	0	62	19
193369326	A	T	84	0	55	25
193824454	G	A	50	0	52	25
193832389	G	A	73	0	54	25
194283680	C	A	57	0	52	18
194408792	G	A	52	0	59	18
195890907	A	G	53	0	52	28
198560885	G	A	67	0	45	34
198825382	A	T	56	0	50	21
199032422	G	T	58	0	50	16
202892791	C	T	61	0	61	30
203126329	C	T	60	0	57	28
204612951	T	C	35	0	37	10
205580821	G	T	52	0	57	26
207908397	A	C	56	0	51	23
209512576	A	T	55	0	51	17
209578956	C	A	77	0	53	15
209640918	A	G	57	0	48	23
210134563	G	T	76	0	41	22
212942050	C	T	71	0	58	22
212974570	G	A	52	0	61	23
213010451	C	T	73	0	62	28
213169665	G	T	69	0	57	7
214380812	G	A	75	0	48	27
216606251	T	G	59	0	59	23
216766508	G	A	64	0	51	19
217341205	C	T	65	0	56	31
217838490	C	T	64	0	42	26
220174184	A	C	65	0	56	26
220376764	C	A	59	0	48	28
220506775	C	A	58	0	55	22
220981874	T	C	62	0	54	19
221143213	C	T	67	0	76	4
221291237	G	T	59	0	53	16
222407994	C	T	66	0	56	26
222628108	A	G	60	0	56	25
224033479	A	T	73	0	35	19
224909331	C	T	69	0	31	22
228460639	C	T	65	0	29	26
228725421	G	A	59	0	37	30
229631643	T	G	65	0	32	23
230767218	C	A	63	0	25	28
231209767	G	C	70	0	26	19
233453056	A	C	57	0	26	13
233696185	C	T	68	0	20	18
235802533	C	T	51	0	46	34
237076758	G	T	75	0	21	31
239327918	T	G	71	0	33	19
239476791	G	T	68	0	25	24
239576237	C	T	88	0	33	22
240570790	T	G	56	0	26	13
242388314	C	T	57	0	30	19
244695806	C	T	72	0	39	18
245685822	C	A	55	0	26	31
