#pos	ref	alt	a_N	b_N	a_T	b_T
150	C	T	58	0	43	19
556779	A	G	57	0	43	21
558867	T	C	56	0	46	19
559737	C	T	75	0	51	23
1486324	G	A	65	0	40	15
2857140	C	T	45	0	45	10
4149358	C	T	62	0	36	23
6108425	G	A	64	0	36	17
6287040	C	T	50	0	34	18
6309595	G	A	79	0	42	23
11062042	T	C	64	0	36	16
11145953	A	C	58	0	32	17
11951633	C	T	73	0	40	19
15801874	T	C	64	0	36	20
16020809	T	C	71	0	40	17
16566934	T	G	70	0	34	26
16572678	C	A	71	0	57	16
16693710	G	A	59	0	41	15
16747377	C	T	140	0	133	21
16881046	T	A	81	0	60	16
17288242	G	T	62	0	39	13
18707142	T	A	66	0	66	21
20283134	A	T	49	0	50	29
20918547	C	T	67	0	41	44
22167516	C	T	120	0	100	20
23307238	A	T	58	0	38	19
23348187	T	A	66	0	32	14
25595430	A	C	70	0	51	21
25996272	G	A	63	0	38	21
26622485	C	T	59	0	37	16
27641044	G	A	41	0	42	25
27648589	T	C	49	0	36	19
27693488	G	C	77	0	39	24
27910482	C	T	51	0	40	22
28383427	G	T	72	0	44	25
34360871	C	A	58	0	43	19
34673235	C	T	64	0	44	17
34943752	T	A	64	0	48	23
34961035	C	T	57	0	31	16
35773076	G	A	76	0	33	20
35977629	C	A	52	0	44	25
36049670	C	A	60	0	34	18
37101443	G	T	81	0	43	26
38637666	T	C	75	0	48	18
39591764	C	G	62	0	23	25
40220833	G	T	51	0	26	20
40795381	C	A	69	0	28	23
43161464	G	C	58	0	40	18
44301125	A	G	63	0	39	21
45204716	G	A	74	0	37	18
46517198	G	A	56	0	36	26
48564780	C	A	68	0	42	26
50022972	G	A	70	0	37	21
50024994	A	C	60	0	34	20
52114369	A	T	73	0	44	17
52761885	A	C	62	0	35	20
54764848	A	G	66	0	51	23
57056756	C	T	62	0	38	28
61263719	A	G	66	0	35	24
64932180	G	A	61	0	37	27
67061162	G	T	63	0	40	32
67714987	T	C	56	0	37	25
68801174	A	G	71	0	37	22
68987724	T	C	64	0	43	24
69125785	T	G	62	0	35	18
69326830	G	T	52	0	46	19
69565947	G	A	70	0	32	24
70541027	G	A	51	0	32	14
70564107	G	A	67	0	27	25
73848527	C	T	62	0	40	19
74699534	C	T	54	0	44	24
75641754	C	T	58	0	60	26
76488200	C	A	67	0	33	22
76546575	C	T	55	0	52	25
76966781	C	T	59	0	44	29
77019338	C	A	70	0	47	19
78881941	G	T	70	0	37	21
79716326	C	T	66	0	43	20
80331848	G	T	75	0	29	19
80513240	C	A	59	0	35	24
80736480	C	T	67	0	30	25
80786722	A	C	61	0	41	26
81288297	G	T	65	0	32	27
81537097	T	C	58	0	41	21
81552786	G	A	60	0	42	13
82628757	C	A	69	0	34	27
83245388	G	A	65	0	36	27
85333330	G	A	71	0	44	19
85892082	C	G	55	0	41	29
85995546	C	T	56	0	40	20
86035502	G	A	69	0	42	11
86282044	G	A	56	0	39	20
87204053	T	A	55	0	37	14
87508765	C	T	57	0	45	23
88128357	G	A	66	0	48	22
90680557	A	G	65	0	29	21
91628474	G	T	71	0	37	26
91853636	G	T	57	0	33	23
93058503	T	C	61	0	49	25
93192515	C	T	72	0	27	21
99011105	C	A	67	0	42	18
100184452	C	T	59	0	42	22
100463993	T	A	51	0	39	29
101857031	G	A	64	0	41	23
102097505	G	A	63	0	44	13
102857617	G	A	52	0	40	30
103196714	T	A	50	0	41	15
104157232	G	A	58	0	48	25
104690287	G	C	48	0	28	19
105978620	C	A	52	0	45	21
105978717	T	A	53	0	26	21
106338353	T	C	53	0	38	18
106769684	C	T	69	0	33	29
107469364	A	T	76	0	47	23
108596533	A	T	122	0	105	21
109570824	T	A	62	0	35	22
110511338	C	A	51	0	32	20
111818919	G	C	60	0	38	24
113124500	C	T	61	0	38	21
114582686	G	A	75	0	32	20
116450610	C	G	62	0	35	16
116758424	C	T	71	0	40	23
117353413	C	A	61	0	32	18
117907374	A	C	57	0	52	19
118738158	G	A	60	0	47	13
119095912	G	A	68	0	49	23
119680923	C	A	72	0	38	24
120687577	G	A	70	0	72	16
121043647	T	G	51	0	52	5
142381526	G	A	56	0	49	9
142794820	C	T	69	0	42	22
143675731	T	A	80	0	46	24
143917639	C	A	64	0	57	19
144526663	G	A	113	0	72	18
146634904	C	G	96	0	58	10
147122486	A	G	86	0	51	19
148202120	C	T	65	0	48	34
148553915	G	T	69	0	53	20
148815709	G	A	65	0	39	24
150715850	C	T	73	0	38	16
150832478	A	T	60	0	43	20
151157835	G	A	71	0	36	23
152075363	G	T	53	0	35	13
153140293	G	A	66	0	37	20
155503003	T	G	60	0	43	18
155536803	A	G	37	0	37	23
155970715	C	A	55	0	42	16
156322594	C	T	61	0	32	21
156875325	G	T	66	0	33	16
157233036	A	G	49	0	41	15
157299085	G	T	64	0	34	26
157638211	G	A	72	0	45	18
157702543	G	T	46	0	35	19
157791587	G	A	62	0	34	17
158566531	G	A	65	0	45	31
162242705	G	A	55	0	33	26
163130056	A	T	61	0	33	33
164491278	A	C	75	0	35	23
166102629	G	A	54	0	25	21
166692941	T	C	76	0	35	23
167123359	G	A	82	0	40	22
167234140	G	A	53	0	47	23
168217387	T	C	67	0	38	17
169162280	G	T	51	0	41	18
169927447	C	A	48	0	34	14
169985347	T	A	60	0	39	24
171582026	C	T	54	0	39	14
175085672	C	G	62	0	33	27
175336025	G	T	53	0	44	22
175401939	C	A	67	0	39	14
177778917	G	T	55	0	42	28
178207649	A	G	64	0	37	17
178820143	G	T	69	0	35	30
179749509	C	T	44	0	37	12
183811768	C	A	62	0	50	29
184353000	G	T	58	0	49	26
185053557	C	A	62	0	40	27
185719178	G	T	56	0	46	20
187146295	G	A	59	0	49	17
187756887	C	A	54	0	36	21
187829553	G	T	65	0	32	12
188429027	G	T	58	0	40	25
188480588	T	A	62	0	44	25
189305807	A	T	57	0	42	14
190355205	C	T	65	0	48	15
191281109	G	C	55	0	33	14
192068898	C	T	52	0	41	25
193369326	A	T	61	0	27	17
193824454	G	A	74	0	37	18
193832389	G	A	60	0	28	19
194283680	C	A	63	0	39	19
194408792	G	A	70	0	42	28
195890907	A	G	55	0	38	16
198560885	G	A	64	0	41	23
198825382	A	T	65	0	32	19
199032422	G	T	64	0	43	23
202892791	C	T	60	0	32	15
203126329	C	T	69	0	32	14
204612951	T	C	53	0	31	12
205580821	G	T	59	0	37	16
207908397	A	C	58	0	74	25
209512576	A	T	51	0	40	50
209578956	C	A	60	0	60	14
209640918	A	G	70	0	46	55
210134563	G	T	62	0	69	21
212942050	C	T	69	0	41	35
212974570	G	A	66	0	63	23
213010451	C	T	52	0	59	23
213169665	G	T	61	0	45	8
214380812	G	A	59	0	47	50
216606251	T	G	57	0	31	23
216766508	G	A	64	0	35	27
217341205	C	T	44	0	39	17
217838490	C	T	63	0	47	20
220174184	A	C	55	0	43	20
220376764	C	A	68	0	41	23
220506775	C	A	66	0	39	26
220981874	T	C	60	0	39	21
221143213	C	T	64	0	52	7
221291237	G	T	48	0	49	23
222407994	C	T	56	0	33	24
222628108	A	G	65	0	39	22
224033479	A	T	63	0	33	20
224096985	G	T	58	0	44	20
224909331	C	T	62	0	47	23
226723494	G	A	51	0	24	16
227462545	G	A	54	0	37	27
227771686	G	C	50	0	41	19
228460639	C	T	55	0	44	14
228725421	G	A	60	0	41	18
228807248	A	G	58	0	33	15
229631643	T	G	65	0	38	18
230767218	C	A	66	0	35	16
231209767	G	C	51	0	45	15
233310408	G	A	66	0	42	24
233453056	A	C	63	0	48	13
233696185	C	T	73	0	32	22
233974826	A	G	64	0	50	23
235397978	G	T	76	0	37	23
235802533	C	T	74	0	39	16
236106926	G	A	65	0	31	15
236120219	T	G	67	0	37	20
236169729	G	A	52	0	34	15
236255982	G	A	56	0	44	18
236295183	C	T	50	0	30	20
237076758	G	T	59	0	40	16
239001984	G	T	60	0	43	25
239327918	T	G	47	0	45	18
239476791	G	T	65	0	34	15
239576237	C	T	52	0	32	15
240109943	G	A	61	0	27	15
240570790	T	G	66	0	37	20
241189455	G	A	58	0	42	20
242388314	C	T	55	0	33	28
242581980	G	A	71	0	30	23
244695806	C	T	56	0	40	24
245225763	G	A	82	0	43	19
245685822	C	A	48	0	44	30
