#pos	ref	alt	a_N	b_N	a_T	b_T
150	C	T	45	0	39	35
556779	A	G	67	0	52	54
558867	T	C	63	0	45	41
559737	C	T	53	0	48	41
1486324	G	A	66	0	43	40
2857140	C	T	48	0	58	40
4149358	C	T	60	0	43	46
6108425	G	A	76	0	51	35
6287040	C	T	52	0	63	26
6309595	G	A	58	0	49	42
11062042	T	C	55	0	38	47
11145953	A	C	60	0	45	35
11951633	C	T	50	0	40	39
15801874	T	C	65	0	55	38
16020809	T	C	82	0	59	39
16566934	T	G	60	0	59	33
16572678	C	A	40	0	50	44
16693710	G	A	67	0	52	48
16747377	C	T	153	0	173	40
16881046	T	A	76	0	64	34
17288242	G	T	58	0	61	37
18707142	T	A	56	0	34	46
20283134	A	T	70	0	51	39
20918547	C	T	67	0	55	34
22167516	C	T	90	0	102	30
23307238	A	T	60	0	57	55
23348187	T	A	42	0	46	44
25595430	A	C	72	0	72	49
25996272	G	A	63	0	45	40
26622485	C	T	54	0	42	48
27641044	G	A	70	0	52	44
27648589	T	C	60	0	54	41
27693488	G	C	67	0	44	32
27910482	C	T	72	0	53	38
28383427	G	T	57	0	43	37
34360871	C	A	68	0	53	39
34673235	C	T	62	0	44	33
34943752	T	A	50	0	61	38
34961035	C	T	70	0	48	32
35773076	G	A	65	0	56	55
35977629	C	A	56	0	47	49
36049670	C	A	63	0	48	45
37101443	G	T	64	0	31	29
38637666	T	C	63	0	34	32
39591764	C	G	66	0	55	56
40220833	G	T	69	0	41	41
40795381	C	A	54	0	59	49
43161464	G	C	55	0	54	34
44301125	A	G	56	0	49	47
45204716	G	A	67	0	45	36
46517198	G	A	66	0	52	40
48564780	C	A	55	0	60	39
50022972	G	A	62	0	41	45
50024994	A	C	59	0	52	51
52114369	A	T	69	0	52	63
52761885	A	C	61	0	42	37
54764848	A	G	59	0	43	44
67061162	G	T	63	0	5	40
67714987	T	C	64	0	10	37
68987724	T	C	65	0	7	60
69125785	T	G	65	0	5	46
70541027	G	A	56	0	7	35
73848527	C	T	65	0	2	38
74699534	C	T	77	0	28	22
75641754	C	T	50	0	29	26
76488200	C	A	49	0	23	24
76546575	C	T	70	0	26	24
76966781	C	T	53	0	29	24
77019338	C	A	61	0	30	28
78881941	G	T	60	0	19	20
79716326	C	T	63	0	32	21
80331848	G	T	62	0	32	20
80513240	C	A	60	0	26	10
80736480	C	T	72	0	30	24
80786722	A	C	59	0	22	25
81288297	G	T	63	0	31	17
81537097	T	C	61	0	25	22
81552786	G	A	62	0	21	28
82628757	C	A	61	0	28	26
83245388	G	A	64	0	19	21
85333330	G	A	75	0	28	22
85892082	C	G	56	0	21	23
85995546	C	T	61	0	26	25
86035502	G	A	67	0	19	20
86282044	G	A	79	0	33	27
87204053	T	A	59	0	19	24
87508765	C	T	81	0	33	25
88128357	G	A	66	0	27	16
90680557	A	G	62	0	18	19
91628474	G	T	70	0	30	21
91853636	G	T	47	0	27	17
93058503	T	C	68	0	26	29
93192515	C	T	55	0	15	23
99011105	C	A	57	0	28	16
100184452	C	T	69	0	25	22
100463993	T	A	61	0	30	27
101857031	G	A	65	0	20	16
102097505	G	A	65	0	22	18
104157232	G	A	51	0	4	25
105978620	C	A	66	0	5	19
105978717	T	A	62	0	3	24
106769684	C	T	59	0	7	26
107469364	A	T	61	0	4	19
108596533	A	T	134	0	33	27
111818919	G	C	61	0	2	20
114582686	G	A	56	0	4	28
117353413	C	A	66	0	6	24
119095912	G	A	45	0	8	25
119680923	C	A	68	0	3	24
121043647	T	G	52	0	4	4
142381526	G	A	60	0	43	13
142794820	C	T	59	0	55	41
143675731	T	A	53	0	73	39
143917639	C	A	70	0	47	44
144526663	G	A	116	0	107	41
146634904	C	G	94	0	83	13
147122486	A	G	61	0	42	43
148202120	C	T	63	0	46	51
148553915	G	T	52	0	52	50
148815709	G	A	56	0	40	48
150715850	C	T	65	0	51	43
150832478	A	T	66	0	42	32
151157835	G	A	60	0	48	48
152075363	G	T	67	0	40	40
153140293	G	A	56	0	47	47
155503003	T	G	68	0	43	42
155536803	A	G	55	0	65	46
155970715	C	A	54	0	38	37
156322594	C	T	62	0	45	42
156875325	G	T	60	0	56	53
157233036	A	G	56	0	53	44
157299085	G	T	72	0	45	48
157638211	G	A	56	0	52	45
157702543	G	T	69	0	35	25
157791587	G	A	59	0	58	51
158566531	G	A	65	0	54	59
162242705	G	A	59	0	68	39
163130056	A	T	65	0	47	37
164491278	A	C	70	0	42	38
166102629	G	A	64	0	41	39
166692941	T	C	55	0	55	43
167123359	G	A	69	0	50	37
167234140	G	A	62	0	58	41
168217387	T	C	55	0	44	35
169162280	G	T	67	0	51	45
169927447	C	A	57	0	39	34
169985347	T	A	68	0	36	33
171582026	C	T	68	0	45	53
175085672	C	G	49	0	4	53
177778917	G	T	69	0	5	43
178207649	A	G	69	0	5	37
183811768	C	A	67	0	9	34
184353000	G	T	67	0	10	30
185053557	C	A	64	0	4	35
185719178	G	T	72	0	5	42
187756887	C	A	47	0	3	52
188429027	G	T	67	0	10	41
189305807	A	T	47	0	7	28
192068898	C	T	52	0	5	42
193824454	G	A	54	0	7	48
193832389	G	A	65	0	5	42
194408792	G	A	75	0	4	46
195890907	A	G	55	0	2	47
198560885	G	A	50	0	3	43
198825382	A	T	65	0	5	45
199032422	G	T	40	0	6	39
204612951	T	C	62	0	4	29
207908397	A	C	64	0	22	23
209512576	A	T	53	0	22	16
209578956	C	A	62	0	25	16
209640918	A	G	71	0	23	20
210134563	G	T	54	0	34	23
212942050	C	T	57	0	15	26
212974570	G	A	77	0	21	20
213010451	C	T	63	0	24	23
213169665	G	T	72	0	34	4
214380812	G	A	66	0	22	22
216606251	T	G	65	0	22	21
216766508	G	A	60	0	27	12
217341205	C	T	51	0	21	19
217838490	C	T	58	0	24	23
220174184	A	C	55	0	19	23
220376764	C	A	65	0	22	14
220506775	C	A	63	0	24	24
220981874	T	C	64	0	26	26
221143213	C	T	80	0	33	3
221291237	G	T	70	0	23	21
222407994	C	T	67	0	31	20
222628108	A	G	59	0	26	29
224033479	A	T	66	0	22	24
224096985	G	T	84	0	27	15
224909331	C	T	70	0	26	20
226723494	G	A	52	0	28	21
227462545	G	A	52	0	6	12
227771686	G	C	54	0	1	19
228807248	A	G	68	0	6	15
233310408	G	A	72	0	4	29
233974826	A	G	76	0	4	25
235397978	G	T	81	0	6	17
236106926	G	A	68	0	4	26
236120219	T	G	68	0	0	23
236169729	G	A	58	0	5	13
236255982	G	A	60	0	6	24
236295183	C	T	66	0	5	14
239001984	G	T	60	0	9	25
240109943	G	A	74	0	6	20
241189455	G	A	55	0	3	20
242581980	G	A	61	0	4	20
245225763	G	A	59	0	4	20
