#pos	ref	alt	a_N	b_N	a_T	b_T
556779	A	G	59	0	57	7
558867	T	C	74	0	55	6
559737	C	T	60	0	51	6
1486324	G	A	67	0	56	7
2857140	C	T	68	0	61	9
4149358	C	T	65	0	65	4
6309595	G	A	68	0	70	3
11062042	T	C	55	0	60	4
11951633	C	T	67	0	52	3
16566934	T	G	64	0	44	21
16572678	C	A	60	0	45	24
16747377	C	T	152	0	131	17
17288242	G	T	49	0	43	14
18707142	T	A	71	0	49	24
20283134	A	T	57	0	52	20
22167516	C	T	89	0	94	16
23307238	A	T	64	0	55	25
27693488	G	C	67	0	48	16
27910482	C	T	69	0	39	14
28383427	G	T	76	0	59	22
34673235	C	T	63	0	59	17
34943752	T	A	69	0	56	15
35773076	G	A	60	0	43	19
35977629	C	A	56	0	39	13
36049670	C	A	64	0	58	8
39591764	C	G	74	0	47	11
43161464	G	C	73	0	60	13
44301125	A	G	51	0	62	8
45204716	G	A	67	0	43	4
46517198	G	A	60	0	50	7
50022972	G	A	62	0	57	4
50024994	A	C	56	0	50	3
52114369	A	T	72	0	44	5
52761885	A	C	62	0	44	10
54764848	A	G	58	0	63	4
57056756	C	T	65	0	47	5
61263719	A	G	69	0	62	4
64932180	G	A	56	0	41	3
67061162	G	T	66	0	54	6
68801174	A	G	54	0	50	4
68987724	T	C	63	0	38	11
69125785	T	G	54	0	52	3
69326830	G	T	62	0	48	6
69565947	G	A	56	0	52	9
70541027	G	A	64	0	57	5
70564107	G	A	65	0	66	4
73848527	C	T	77	0	54	6
74699534	C	T	63	0	51	8
75641754	C	T	67	0	50	7
76488200	C	A	60	0	48	5
76546575	C	T	57	0	47	8
76966781	C	T	61	0	50	4
77019338	C	A	61	0	55	9
78881941	G	T	54	0	51	17
80736480	C	T	70	0	54	21
80786722	A	C	52	0	46	21
81288297	G	T	73	0	43	14
81537097	T	C	57	0	51	18
81552786	G	A	60	0	40	15
82628757	C	A	63	0	44	19
83245388	G	A	65	0	42	18
86282044	G	A	56	0	38	14
87508765	C	T	63	0	48	20
91628474	G	T	60	0	49	31
93058503	T	C	52	0	44	18
99011105	C	A	68	0	41	12
100184452	C	T	73	0	59	6
100463993	T	A	63	0	58	3
101857031	G	A	57	0	55	6
102097505	G	A	54	0	53	8
102857617	G	A	71	0	60	8
103196714	T	A	60	0	47	3
104157232	G	A	53	0	43	3
104690287	G	C	76	0	51	5
105978620	C	A	50	0	43	8
105978717	T	A	57	0	61	4
106338353	T	C	69	0	65	8
106769684	C	T	62	0	52	6
107469364	A	T	57	0	54	4
108596533	A	T	130	0	112	4
109570824	T	A	63	0	57	4
110511338	C	A	53	0	45	6
111818919	G	C	61	0	49	4
113124500	C	T	72	0	59	9
116450610	C	G	58	0	48	9
116758424	C	T	63	0	50	6
117353413	C	A	63	0	54	6
117907374	A	C	62	0	52	10
118738158	G	A	47	0	48	7
119095912	G	A	59	0	51	4
119680923	C	A	64	0	54	5
120687577	G	A	72	0	65	6
142381526	G	A	68	0	63	4
142794820	C	T	67	0	55	7
143675731	T	A	57	0	57	5
144526663	G	A	115	0	91	11
147122486	A	G	55	0	65	10
148202120	C	T	64	0	56	5
148553915	G	T	54	0	52	9
148815709	G	A	65	0	65	6
150715850	C	T	57	0	51	4
150832478	A	T	73	0	54	6
151157835	G	A	68	0	67	3
152075363	G	T	49	0	51	4
153140293	G	A	66	0	55	6
155503003	T	G	61	0	46	6
155536803	A	G	54	0	60	9
155970715	C	A	64	0	52	4
156322594	C	T	51	0	53	6
156875325	G	T	63	0	46	10
157299085	G	T	72	0	51	11
157638211	G	A	69	0	65	4
157702543	G	T	46	0	49	5
157791587	G	A	74	0	58	3
158566531	G	A	63	0	68	5
162242705	G	A	61	0	60	4
163130056	A	T	49	0	39	27
164491278	A	C	58	0	39	26
166102629	G	A	59	0	52	22
169162280	G	T	56	0	47	16
169927447	C	A	61	0	35	18
175085672	C	G	55	0	55	27
177778917	G	T	51	0	40	18
178207649	A	G	58	0	46	33
183811768	C	A	59	0	55	23
184353000	G	T	59	0	50	16
185053557	C	A	64	0	56	29
185719178	G	T	61	0	43	28
187756887	C	A	67	0	48	26
188429027	G	T	63	0	42	20
189305807	A	T	68	0	50	22
191281109	G	C	67	0	44	5
192068898	C	T	73	0	58	5
193369326	A	T	44	0	47	3
193824454	G	A	72	0	50	7
193832389	G	A	87	0	41	6
194283680	C	A	67	0	49	6
194408792	G	A	56	0	48	8
195890907	A	G	58	0	47	7
198560885	G	A	50	0	65	4
198825382	A	T	48	0	57	5
199032422	G	T	57	0	61	5
202892791	C	T	48	0	67	4
203126329	C	T	52	0	47	7
205580821	G	T	68	0	56	28
209512576	A	T	64	0	54	23
209640918	A	G	65	0	46	34
212942050	C	T	51	0	46	7
212974570	G	A	65	0	47	8
213010451	C	T	68	0	51	6
214380812	G	A	66	0	61	6
216606251	T	G	55	0	61	5
216766508	G	A	54	0	42	6
217341205	C	T	70	0	51	5
217838490	C	T	50	0	49	7
220174184	A	C	59	0	51	9
220376764	C	A	65	0	32	3
220506775	C	A	70	0	47	15
220981874	T	C	68	0	50	8
221291237	G	T	59	0	73	4
222407994	C	T	59	0	56	9
222628108	A	G	68	0	51	8
224033479	A	T	63	0	57	11
224096985	G	T	61	0	61	10
224909331	C	T	67	0	54	3
226723494	G	A	81	0	61	3
227462545	G	A	57	0	43	10
227771686	G	C	54	0	70	8
228460639	C	T	65	0	57	9
228725421	G	A	64	0	59	3
228807248	A	G	60	0	50	7
229631643	T	G	71	0	50	7
231209767	G	C	72	0	47	9
233310408	G	A	59	0	61	3
233453056	A	C	58	0	56	8
233696185	C	T	72	0	70	9
233974826	A	G	57	0	61	7
235397978	G	T	57	0	53	3
235802533	C	T	68	0	63	11
236106926	G	A	62	0	51	8
236120219	T	G	55	0	52	5
236169729	G	A	56	0	62	3
236255982	G	A	66	0	47	8
236295183	C	T	74	0	44	6
237076758	G	T	54	0	55	3
239001984	G	T	49	0	41	3
239327918	T	G	62	0	59	11
239476791	G	T	65	0	41	7
239576237	C	T	62	0	55	10
240109943	G	A	49	0	53	4
240570790	T	G	64	0	48	3
241189455	G	A	60	0	56	7
242388314	C	T	65	0	33	4
242581980	G	A	55	0	57	5
244695806	C	T	62	0	53	4
245225763	G	A	65	0	57	4
