#pos	ref	alt	a_N	b_N	a_T	b_T
150	C	T	53	0	47	5
556779	A	G	52	0	46	5
558867	T	C	72	0	60	6
559737	C	T	73	0	50	6
1486324	G	A	65	0	47	7
2857140	C	T	55	0	54	6
4149358	C	T	59	0	62	5
6108425	G	A	69	0	51	8
6287040	C	T	67	0	59	5
6309595	G	A	74	0	53	8
11062042	T	C	64	0	57	3
11951633	C	T	59	0	61	4
15801874	T	C	60	0	55	5
16020809	T	C	70	0	60	9
16566934	T	G	55	0	47	4
16693710	G	A	76	0	53	12
16747377	C	T	129	0	135	6
16881046	T	A	80	0	54	5
17288242	G	T	64	0	58	7
18707142	T	A	69	0	43	13
20283134	A	T	71	0	46	6
20918547	C	T	63	0	65	8
22167516	C	T	117	0	83	4
23348187	T	A	60	0	46	11
25595430	A	C	71	0	51	11
25996272	G	A	70	0	53	13
26622485	C	T	63	0	51	13
27641044	G	A	61	0	57	14
27648589	T	C	55	0	50	11
27693488	G	C	76	0	63	7
27910482	C	T	56	0	55	7
28383427	G	T	67	0	60	7
34360871	C	A	71	0	47	15
34673235	C	T	56	0	60	6
34943752	T	A	67	0	62	8
34961035	C	T	60	0	60	13
35773076	G	A	66	0	46	6
35977629	C	A	75	0	58	4
37101443	G	T	56	0	69	16
38637666	T	C	66	0	58	15
39591764	C	G	78	0	55	7
40220833	G	T	64	0	56	13
40795381	C	A	58	0	55	7
43161464	G	C	49	0	42	6
44301125	A	G	64	0	64	14
45204716	G	A	63	0	72	6
46517198	G	A	58	0	37	12
48564780	C	A	62	0	59	6
50022972	G	A	46	0	51	5
50024994	A	C	47	0	59	10
52114369	A	T	48	0	55	11
52761885	A	C	63	0	60	9
54764848	A	G	63	0	40	10
57056756	C	T	68	0	65	6
61263719	A	G	63	0	51	5
64932180	G	A	63	0	57	3
67061162	G	T	62	0	45	13
67714987	T	C	44	0	45	11
68987724	T	C	51	0	51	17
69125785	T	G	41	0	66	14
69326830	G	T	55	0	53	5
69565947	G	A	61	0	61	4
70541027	G	A	58	0	52	9
70564107	G	A	65	0	58	9
73848527	C	T	60	0	57	15
74699534	C	T	57	0	56	6
75641754	C	T	75	0	48	6
76488200	C	A	60	0	59	12
76546575	C	T	59	0	52	3
76966781	C	T	68	0	56	6
77019338	C	A	56	0	71	5
78881941	G	T	59	0	55	10
79716326	C	T	70	0	53	6
80331848	G	T	62	0	62	5
80513240	C	A	70	0	61	5
80736480	C	T	65	0	36	14
80786722	A	C	58	0	52	10
81288297	G	T	53	0	51	9
81537097	T	C	72	0	48	9
81552786	G	A	75	0	50	8
82628757	C	A	67	0	56	16
83245388	G	A	58	0	65	14
85892082	C	G	74	0	64	9
85995546	C	T	50	0	59	9
86035502	G	A	65	0	55	5
86282044	G	A	63	0	56	13
87204053	T	A	52	0	51	9
87508765	C	T	68	0	57	13
88128357	G	A	74	0	62	4
90680557	A	G	55	0	57	5
91628474	G	T	53	0	42	15
91853636	G	T	70	0	60	4
93058503	T	C	61	0	45	14
93192515	C	T	62	0	52	12
99011105	C	A	54	0	55	10
100184452	C	T	60	0	49	7
100463993	T	A	58	0	48	12
102097505	G	A	63	0	66	10
102857617	G	A	58	0	53	6
104157232	G	A	78	0	69	6
104690287	G	C	65	0	51	7
105978620	C	A	73	0	50	10
105978717	T	A	58	0	49	11
106338353	T	C	60	0	73	11
106769684	C	T	48	0	49	13
107469364	A	T	73	0	60	14
108596533	A	T	111	0	103	16
109570824	T	A	59	0	56	5
110511338	C	A	70	0	60	5
111818919	G	C	67	0	48	12
113124500	C	T	54	0	71	3
114582686	G	A	71	0	49	15
116450610	C	G	53	0	58	10
116758424	C	T	61	0	52	4
117353413	C	A	64	0	55	16
117907374	A	C	62	0	53	7
118738158	G	A	58	0	60	5
119095912	G	A	52	0	66	9
119680923	C	A	52	0	52	17
120687577	G	A	80	0	72	7
121043647	T	G	60	0	50	3
142794820	C	T	63	0	38	15
143675731	T	A	74	0	64	10
143917639	C	A	87	0	63	14
144526663	G	A	99	0	121	9
146634904	C	G	105	0	78	4
147122486	A	G	65	0	57	3
148202120	C	T	64	0	64	10
148553915	G	T	62	0	50	5
148815709	G	A	68	0	59	3
150715850	C	T	57	0	66	6
150832478	A	T	59	0	47	5
151157835	G	A	62	0	63	8
152075363	G	T	55	0	68	10
155536803	A	G	67	0	55	5
155970715	C	A	53	0	47	7
156322594	C	T	60	0	61	8
156875325	G	T	65	0	52	5
157233036	A	G	68	0	66	7
157638211	G	A	62	0	43	8
157702543	G	T	50	0	59	11
157791587	G	A	46	0	61	14
158566531	G	A	52	0	47	4
162242705	G	A	69	0	54	9
163130056	A	T	69	0	46	14
164491278	A	C	77	0	48	11
166102629	G	A	55	0	57	11
166692941	T	C	62	0	63	9
167123359	G	A	64	0	56	3
167234140	G	A	58	0	71	6
168217387	T	C	50	0	42	15
169162280	G	T	55	0	54	11
169927447	C	A	46	0	40	9
169985347	T	A	60	0	64	9
175085672	C	G	64	0	46	13
175336025	G	T	55	0	48	9
175401939	C	A	64	0	63	5
177778917	G	T	53	0	52	8
178207649	A	G	45	0	42	17
178820143	G	T	77	0	71	4
179749509	C	T	50	0	67	4
183811768	C	A	72	0	68	20
184353000	G	T	74	0	42	15
185053557	C	A	63	0	60	7
185719178	G	T	73	0	58	11
187146295	G	A	59	0	65	4
187756887	C	A	53	0	52	15
187829553	G	T	73	0	64	10
188429027	G	T	55	0	46	13
188480588	T	A	57	0	62	7
189305807	A	T	69	0	52	5
190355205	C	T	64	0	59	4
191281109	G	C	70	0	47	9
192068898	C	T	65	0	34	12
193369326	A	T	49	0	54	5
193824454	G	A	61	0	37	11
193832389	G	A	53	0	48	7
194283680	C	A	73	0	70	8
194408792	G	A	67	0	65	7
195890907	A	G	66	0	52	12
198560885	G	A	61	0	42	5
198825382	A	T	51	0	45	12
199032422	G	T	67	0	57	8
202892791	C	T	65	0	59	7
204612951	T	C	52	0	35	8
205580821	G	T	66	0	53	5
207908397	A	C	57	0	59	8
209512576	A	T	69	0	61	4
209578956	C	A	73	0	55	10
209640918	A	G	50	0	77	5
210134563	G	T	51	0	41	11
212942050	C	T	60	0	58	9
212974570	G	A	60	0	55	10
213010451	C	T	60	0	50	13
214380812	G	A	55	0	54	12
216606251	T	G	43	0	63	4
216766508	G	A	56	0	63	12
217341205	C	T	46	0	43	14
217838490	C	T	64	0	62	6
220174184	A	C	69	0	51	9
220376764	C	A	63	0	51	12
220506775	C	A	56	0	46	8
220981874	T	C	61	0	58	4
221291237	G	T	64	0	58	5
222407994	C	T	60	0	34	6
222628108	A	G	75	0	47	12
224033479	A	T	59	0	48	8
224096985	G	T	51	0	60	7
224909331	C	T	57	0	55	7
226723494	G	A	75	0	42	3
227462545	G	A	55	0	48	4
227771686	G	C	56	0	40	7
228460639	C	T	61	0	46	6
228725421	G	A	57	0	65	5
228807248	A	G	49	0	46	9
229631643	T	G	78	0	69	4
230767218	C	A	47	0	48	7
231209767	G	C	68	0	44	4
233310408	G	A	65	0	57	5
233453056	A	C	60	0	56	5
233696185	C	T	51	0	60	4
233974826	A	G	52	0	50	4
235397978	G	T	55	0	55	4
236106926	G	A	52	0	49	5
236120219	T	G	59	0	45	3
236169729	G	A	49	0	43	10
236255982	G	A	46	0	53	11
236295183	C	T	45	0	50	7
239001984	G	T	59	0	43	5
240109943	G	A	47	0	34	4
241189455	G	A	49	0	44	8
242581980	G	A	66	0	46	5
245225763	G	A	56	0	40	3
