#pos	ref	alt	a_N	b_N	a_T	b_T
150	C	T	54	0	37	31
556779	A	G	63	0	36	24
558867	T	C	60	0	31	26
559737	C	T	63	0	55	18
1486324	G	A	45	0	32	23
2857140	C	T	50	0	30	24
4149358	C	T	75	0	41	32
6108425	G	A	66	0	28	23
6287040	C	T	60	0	42	27
6309595	G	A	61	0	43	19
11062042	T	C	68	0	30	28
11145953	A	C	63	0	30	21
11951633	C	T	73	0	31	22
15801874	T	C	61	0	40	17
16020809	T	C	59	0	34	28
16566934	T	G	68	0	35	14
16572678	C	A	74	0	37	24
16693710	G	A	58	0	47	16
16747377	C	T	148	0	117	26
16881046	T	A	67	0	48	22
17288242	G	T	65	0	36	25
18707142	T	A	63	0	50	28
20283134	A	T	65	0	64	26
20918547	C	T	65	0	31	38
22167516	C	T	117	0	108	22
23307238	A	T	66	0	37	22
23348187	T	A	64	0	35	26
25595430	A	C	71	0	57	26
25996272	G	A	49	0	39	16
26622485	C	T	54	0	41	21
27641044	G	A	71	0	42	35
27648589	T	C	59	0	32	19
27693488	G	C	67	0	40	21
27910482	C	T	58	0	41	23
28383427	G	T	73	0	26	29
34360871	C	A	68	0	39	27
34673235	C	T	60	0	33	23
34943752	T	A	44	0	34	25
34961035	C	T	70	0	34	22
35773076	G	A	53	0	28	30
35977629	C	A	53	0	34	28
36049670	C	A	82	0	40	23
37101443	G	T	54	0	31	23
38637666	T	C	68	0	43	26
39591764	C	G	60	0	33	24
40220833	G	T	72	0	46	14
40795381	C	A	63	0	29	28
43161464	G	C	61	0	40	27
44301125	A	G	60	0	41	25
45204716	G	A	69	0	29	33
46517198	G	A	69	0	43	29
48564780	C	A	50	0	34	19
50022972	G	A	66	0	28	19
50024994	A	C	54	0	32	31
52114369	A	T	53	0	37	22
52761885	A	C	59	0	33	25
54764848	A	G	66	0	33	21
57056756	C	T	62	0	27	28
61263719	A	G	61	0	40	23
64932180	G	A	61	0	32	19
67061162	G	T	61	0	45	22
67714987	T	C	59	0	38	28
68801174	A	G	66	0	30	33
68987724	T	C	51	0	39	28
69125785	T	G	62	0	43	14
69326830	G	T	66	0	33	23
69565947	G	A	59	0	37	29
70541027	G	A	53	0	39	25
70564107	G	A	62	0	20	18
73848527	C	T	75	0	36	29
74699534	C	T	61	0	46	19
75641754	C	T	66	0	29	19
76488200	C	A	60	0	34	21
76546575	C	T	63	0	35	21
76966781	C	T	56	0	38	26
77019338	C	A	63	0	37	20
78881941	G	T	66	0	33	24
79716326	C	T	65	0	32	28
80331848	G	T	66	0	44	20
80513240	C	A	53	0	39	23
80736480	C	T	69	0	41	26
80786722	A	C	65	0	33	31
81288297	G	T	67	0	44	31
81537097	T	C	79	0	31	22
81552786	G	A	56	0	44	29
82628757	C	A	59	0	38	24
83245388	G	A	54	0	31	17
85333330	G	A	57	0	39	22
85892082	C	G	57	0	38	24
85995546	C	T	64	0	40	18
86035502	G	A	60	0	37	22
86282044	G	A	62	0	43	30
87204053	T	A	67	0	26	18
87508765	C	T	61	0	23	31
88128357	G	A	59	0	35	24
90680557	A	G	60	0	45	28
91628474	G	T	60	0	39	28
91853636	G	T	65	0	30	27
93058503	T	C	61	0	26	25
93192515	C	T	60	0	38	27
99011105	C	A	63	0	38	19
100184452	C	T	62	0	30	28
100463993	T	A	54	0	37	21
101857031	G	A	79	0	33	18
102097505	G	A	50	0	35	19
102857617	G	A	62	0	34	18
103196714	T	A	62	0	43	24
104157232	G	A	56	0	40	23
104690287	G	C	76	0	38	24
105978620	C	A	58	0	36	24
105978717	T	A	67	0	40	26
106338353	T	C	65	0	42	27
106769684	C	T	60	0	41	17
107469364	A	T	81	0	49	28
108596533	A	T	134	0	98	26
109570824	T	A	55	0	44	20
110511338	C	A	68	0	31	22
111818919	G	C	64	0	42	29
113124500	C	T	69	0	34	27
114582686	G	A	50	0	38	27
116450610	C	G	53	0	30	36
116758424	C	T	61	0	31	16
117353413	C	A	66	0	40	19
117907374	A	C	62	0	35	19
118738158	G	A	59	0	34	23
119095912	G	A	55	0	47	27
119680923	C	A	66	0	27	25
120687577	G	A	83	0	54	17
142381526	G	A	74	0	43	18
142794820	C	T	67	0	31	18
143675731	T	A	68	0	44	26
143917639	C	A	84	0	59	26
144526663	G	A	124	0	83	22
146634904	C	G	84	0	58	5
147122486	A	G	73	0	47	22
148202120	C	T	67	0	39	19
148553915	G	T	61	0	41	25
148815709	G	A	55	0	20	21
150715850	C	T	54	0	42	27
150832478	A	T	57	0	36	18
151157835	G	A	70	0	40	21
152075363	G	T	63	0	23	26
153140293	G	A	75	0	31	28
155503003	T	G	72	0	43	20
155536803	A	G	63	0	31	20
155970715	C	A	63	0	36	21
156322594	C	T	64	0	27	18
156875325	G	T	81	0	41	26
157233036	A	G	42	0	33	20
157299085	G	T	65	0	33	19
157638211	G	A	65	0	42	23
157702543	G	T	62	0	39	25
157791587	G	A	66	0	46	19
158566531	G	A	73	0	29	25
162242705	G	A	56	0	34	21
163130056	A	T	62	0	35	29
164491278	A	C	57	0	41	23
166102629	G	A	55	0	42	23
166692941	T	C	67	0	36	23
167123359	G	A	65	0	43	22
167234140	G	A	74	0	34	25
168217387	T	C	62	0	43	17
169162280	G	T	46	0	35	23
169927447	C	A	43	0	27	23
169985347	T	A	69	0	26	21
171582026	C	T	66	0	40	30
175085672	C	G	54	0	33	20
175336025	G	T	69	0	29	20
175401939	C	A	59	0	37	14
177778917	G	T	62	0	47	31
178207649	A	G	69	0	52	23
178820143	G	T	60	0	28	18
179749509	C	T	62	0	32	23
183811768	C	A	69	0	39	27
184353000	G	T	68	0	45	26
185053557	C	A	70	0	24	12
185719178	G	T	62	0	29	20
187146295	G	A	70	0	35	24
187756887	C	A	64	0	42	29
187829553	G	T	60	0	37	29
188429027	G	T	48	0	42	20
188480588	T	A	56	0	32	25
189305807	A	T	67	0	26	14
190355205	C	T	70	0	42	17
191281109	G	C	61	0	27	24
192068898	C	T	70	0	27	25
193369326	A	T	66	0	40	25
193824454	G	A	58	0	23	17
193832389	G	A	71	0	41	21
194283680	C	A	53	0	33	30
194408792	G	A	54	0	34	28
195890907	A	G	52	0	33	25
198560885	G	A	67	0	40	26
198825382	A	T	61	0	35	25
199032422	G	T	62	0	31	18
202892791	C	T	59	0	32	27
203126329	C	T	72	0	39	30
204612951	T	C	52	0	30	16
205580821	G	T	69	0	26	17
207908397	A	C	50	0	67	25
209512576	A	T	62	0	28	55
209578956	C	A	65	0	67	19
209640918	A	G	60	0	32	57
210134563	G	T	56	0	72	19
212942050	C	T	77	0	42	56
212974570	G	A	55	0	75	28
213010451	C	T	65	0	55	27
213169665	G	T	63	0	36	8
214380812	G	A	51	0	28	46
216606251	T	G	63	0	44	27
216766508	G	A	57	0	34	27
217341205	C	T	81	0	36	20
217838490	C	T	73	0	43	19
220174184	A	C	63	0	36	16
220376764	C	A	60	0	33	30
220506775	C	A	63	0	39	21
220981874	T	C	69	0	28	20
221291237	G	T	52	0	31	30
222407994	C	T	50	0	39	18
222628108	A	G	56	0	30	18
224033479	A	T	62	0	33	24
224096985	G	T	53	0	38	24
224909331	C	T	57	0	31	23
226723494	G	A	62	0	30	26
227462545	G	A	70	0	21	21
227771686	G	C	70	0	30	22
228460639	C	T	67	0	38	27
228725421	G	A	56	0	34	19
228807248	A	G	67	0	26	21
229631643	T	G	83	0	38	35
230767218	C	A	60	0	38	28
231209767	G	C	51	0	24	35
233310408	G	A	57	0	26	20
233453056	A	C	84	0	36	20
233696185	C	T	67	0	45	34
233974826	A	G	67	0	46	20
235397978	G	T	53	0	31	32
235802533	C	T	88	0	31	22
236106926	G	A	58	0	34	25
236120219	T	G	56	0	45	25
236169729	G	A	70	0	30	31
236255982	G	A	66	0	36	33
236295183	C	T	66	0	41	18
237076758	G	T	53	0	39	22
239001984	G	T	63	0	27	17
239327918	T	G	53	0	47	31
239476791	G	T	64	0	39	25
239576237	C	T	39	0	45	21
240109943	G	A	53	0	25	26
240570790	T	G	74	0	31	25
241189455	G	A	63	0	28	20
242388314	C	T	66	0	33	30
242581980	G	A	59	0	30	17
244695806	C	T	70	0	33	20
245225763	G	A	70	0	49	20
245685822	C	A	60	0	34	23
