#pos	ref	alt	a_N	b_N	a_T	b_T
150	C	T	53	0	34	17
556779	A	G	65	0	24	14
558867	T	C	68	0	31	16
559737	C	T	59	0	38	18
1486324	G	A	58	0	52	14
2857140	C	T	71	0	36	16
4149358	C	T	65	0	42	21
6108425	G	A	63	0	35	21
6287040	C	T	51	0	46	14
6309595	G	A	52	0	41	18
11062042	T	C	68	0	41	18
11145953	A	C	64	0	30	16
11951633	C	T	55	0	29	20
16020809	T	C	63	0	19	24
16566934	T	G	71	0	40	15
16572678	C	A	63	0	43	17
16693710	G	A	58	0	30	19
16747377	C	T	137	0	114	9
16881046	T	A	69	0	55	16
17288242	G	T	59	0	45	19
18707142	T	A	69	0	45	15
20283134	A	T	71	0	32	29
20918547	C	T	46	0	34	18
22167516	C	T	107	0	70	16
23307238	A	T	57	0	40	25
23348187	T	A	61	0	35	21
25595430	A	C	65	0	48	17
25996272	G	A	47	0	38	16
26622485	C	T	60	0	32	16
27641044	G	A	68	0	46	15
27648589	T	C	72	0	34	19
27693488	G	C	47	0	28	21
27910482	C	T	70	0	38	25
28383427	G	T	71	0	41	22
34360871	C	A	58	0	33	18
34673235	C	T	58	0	17	57
34943752	T	A	64	0	15	52
35773076	G	A	66	0	14	53
35977629	C	A	58	0	16	69
36049670	C	A	62	0	16	55
39591764	C	G	72	0	10	68
43161464	G	C	71	0	18	56
44301125	A	G	49	0	39	18
45204716	G	A	62	0	30	22
46517198	G	A	63	0	26	19
48564780	C	A	77	0	21	21
50022972	G	A	63	0	41	21
50024994	A	C	69	0	38	14
52114369	A	T	56	0	34	22
52761885	A	C	63	0	41	24
54764848	A	G	75	0	25	23
57056756	C	T	53	0	37	12
67061162	G	T	75	0	23	46
67714987	T	C	56	0	12	56
68987724	T	C	59	0	18	50
69125785	T	G	61	0	19	63
70541027	G	A	61	0	16	37
73848527	C	T	65	0	16	51
76488200	C	A	60	0	19	57
78881941	G	T	54	0	33	15
79716326	C	T	59	0	34	19
80331848	G	T	54	0	45	21
80513240	C	A	57	0	34	13
80736480	C	T	69	0	38	18
80786722	A	C	67	0	36	24
81288297	G	T	52	0	43	25
81537097	T	C	64	0	26	19
81552786	G	A	67	0	40	15
82628757	C	A	67	0	53	24
83245388	G	A	60	0	32	11
85333330	G	A	65	0	38	21
85892082	C	G	61	0	41	13
85995546	C	T	65	0	35	13
86035502	G	A	64	0	38	26
86282044	G	A	65	0	39	15
87204053	T	A	84	0	32	19
87508765	C	T	63	0	39	19
88128357	G	A	72	0	38	23
90680557	A	G	67	0	44	21
91628474	G	T	62	0	26	20
91853636	G	T	69	0	35	24
93058503	T	C	40	0	22	17
93192515	C	T	74	0	33	15
99011105	C	A	78	0	34	18
100184452	C	T	62	0	33	18
100463993	T	A	56	0	27	23
101857031	G	A	59	0	29	18
102097505	G	A	64	0	36	21
102857617	G	A	65	0	32	22
103196714	T	A	47	0	34	21
104157232	G	A	69	0	22	21
104690287	G	C	65	0	33	19
105978620	C	A	57	0	23	28
105978717	T	A	62	0	30	16
106338353	T	C	58	0	41	22
106769684	C	T	64	0	35	15
107469364	A	T	57	0	39	24
108596533	A	T	133	0	79	18
109570824	T	A	64	0	45	11
110511338	C	A	76	0	31	20
111818919	G	C	64	0	36	14
113124500	C	T	71	0	29	17
114582686	G	A	59	0	38	15
116450610	C	G	57	0	39	20
116758424	C	T	61	0	29	20
117353413	C	A	47	0	34	25
117907374	A	C	71	0	42	24
118738158	G	A	78	0	37	28
119095912	G	A	54	0	34	22
119680923	C	A	62	0	35	26
120687577	G	A	76	0	53	16
142381526	G	A	67	0	38	10
142794820	C	T	59	0	37	23
143675731	T	A	72	0	43	28
143917639	C	A	61	0	55	21
144526663	G	A	120	0	90	14
146634904	C	G	85	0	66	10
147122486	A	G	70	0	52	23
148202120	C	T	65	0	32	21
148553915	G	T	55	0	38	21
148815709	G	A	65	0	47	17
150715850	C	T	61	0	41	22
150832478	A	T	68	0	32	28
151157835	G	A	54	0	40	14
152075363	G	T	67	0	35	21
153140293	G	A	64	0	34	23
155536803	A	G	62	0	22	88
157702543	G	T	70	0	12	73
157791587	G	A	57	0	22	79
162242705	G	A	64	0	23	79
163130056	A	T	52	0	20	75
164491278	A	C	71	0	21	87
166102629	G	A	58	0	19	86
168217387	T	C	51	0	31	19
169162280	G	T	64	0	24	21
169927447	C	A	49	0	27	12
169985347	T	A	61	0	27	24
171582026	C	T	76	0	38	21
175085672	C	G	68	0	26	17
175336025	G	T	67	0	46	20
175401939	C	A	62	0	45	28
177778917	G	T	65	0	28	13
178207649	A	G	68	0	44	21
178820143	G	T	58	0	33	17
179749509	C	T	78	0	33	28
183811768	C	A	58	0	35	11
184353000	G	T	62	0	34	27
185053557	C	A	50	0	30	16
185719178	G	T	61	0	35	25
187146295	G	A	59	0	42	26
187756887	C	A	45	0	39	21
187829553	G	T	62	0	28	31
188429027	G	T	70	0	35	21
188480588	T	A	78	0	33	21
189305807	A	T	64	0	39	18
190355205	C	T	54	0	30	17
191281109	G	C	71	0	35	17
192068898	C	T	49	0	37	24
193369326	A	T	60	0	37	21
193824454	G	A	58	0	35	21
193832389	G	A	75	0	44	19
194283680	C	A	55	0	43	16
194408792	G	A	65	0	26	16
195890907	A	G	55	0	40	20
198560885	G	A	65	0	43	19
198825382	A	T	52	0	37	17
199032422	G	T	68	0	37	19
202892791	C	T	67	0	34	16
203126329	C	T	59	0	31	27
204612951	T	C	55	0	31	13
205580821	G	T	61	0	34	19
207908397	A	C	84	0	41	16
209512576	A	T	61	0	31	18
209578956	C	A	73	0	36	23
209640918	A	G	64	0	24	22
210134563	G	T	43	0	28	22
212942050	C	T	61	0	37	18
212974570	G	A	64	0	32	15
213010451	C	T	59	0	50	28
213169665	G	T	83	0	34	3
214380812	G	A	61	0	31	16
216606251	T	G	73	0	32	22
216766508	G	A	65	0	30	17
217341205	C	T	56	0	42	24
217838490	C	T	59	0	26	18
220174184	A	C	56	0	31	26
220376764	C	A	56	0	26	15
220506775	C	A	63	0	21	24
220981874	T	C	79	0	14	87
221143213	C	T	77	0	25	21
221291237	G	T	57	0	9	83
222407994	C	T	74	0	23	80
224033479	A	T	69	0	18	75
224909331	C	T	77	0	16	63
228460639	C	T	80	0	19	78
228725421	G	A	55	0	10	69
229631643	T	G	75	0	24	81
230767218	C	A	49	0	23	85
231209767	G	C	52	0	16	76
233453056	A	C	63	0	15	80
233696185	C	T	76	0	21	79
235397978	G	T	58	0	34	23
235802533	C	T	46	0	36	27
236106926	G	A	58	0	42	20
236120219	T	G	72	0	27	15
236169729	G	A	50	0	24	17
236255982	G	A	60	0	24	28
236295183	C	T	68	0	35	12
237076758	G	T	55	0	37	14
239001984	G	T	64	0	35	12
239327918	T	G	68	0	36	21
239476791	G	T	64	0	24	17
239576237	C	T	65	0	33	20
240109943	G	A	55	0	36	25
240570790	T	G	63	0	39	16
241189455	G	A	53	0	41	17
242388314	C	T	64	0	25	15
242581980	G	A	65	0	48	20
244695806	C	T	68	0	37	23
245225763	G	A	67	0	22	17
245685822	C	A	58	0	40	14
