#pos	ref	alt	a_N	b_N	a_T	b_T
150	C	T	72	0	43	10
556779	A	G	61	0	36	9
558867	T	C	60	0	54	4
559737	C	T	61	0	62	7
1486324	G	A	62	0	45	11
2857140	C	T	69	0	46	8
4149358	C	T	50	0	42	10
6108425	G	A	59	0	57	8
6287040	C	T	67	0	52	9
6309595	G	A	80	0	40	5
11062042	T	C	52	0	64	4
11145953	A	C	66	0	54	5
11951633	C	T	71	0	46	7
15801874	T	C	78	1	51	12
16020809	T	C	56	0	57	12
16566934	T	G	59	0	57	9
16572678	C	A	72	0	44	11
16747377	C	T	140	0	115	10
16881046	T	A	62	0	60	10
17288242	G	T	64	0	45	8
18707142	T	A	53	0	52	8
20283134	A	T	63	0	50	8
20918547	C	T	80	0	51	14
22167516	C	T	76	0	68	7
23307238	A	T	68	0	46	5
23348187	T	A	66	0	42	10
25595430	A	C	70	0	49	11
25996272	G	A	52	0	55	10
26622485	C	T	50	0	55	9
27641044	G	A	72	0	36	19
27648589	T	C	67	0	43	7
27693488	G	C	49	0	44	11
27910482	C	T	63	0	55	6
28383427	G	T	67	0	49	8
34360871	C	A	65	0	40	8
34673235	C	T	57	0	63	8
34943752	T	A	74	0	54	10
34961035	C	T	63	0	51	7
35773076	G	A	67	0	55	7
35977629	C	A	56	0	48	9
36049670	C	A	61	0	35	11
37101443	G	T	56	0	57	9
38637666	T	C	69	0	50	7
39591764	C	G	60	0	42	4
40220833	G	T	69	0	49	11
40795381	C	A	70	0	49	10
43161464	G	C	65	0	60	12
44301125	A	G	66	0	53	7
45204716	G	A	45	0	52	7
46517198	G	A	55	0	51	10
48564780	C	A	73	0	38	32
50022972	G	A	50	0	41	31
50024994	A	C	68	0	35	36
52114369	A	T	70	0	36	22
57056756	C	T	67	0	32	37
61263719	A	G	64	0	45	25
64932180	G	A	75	0	50	25
68801174	A	G	61	0	47	22
69326830	G	T	66	0	27	23
69565947	G	A	48	0	44	31
70564107	G	A	52	0	40	21
74699534	C	T	52	0	57	8
75641754	C	T	66	0	57	7
76488200	C	A	85	0	49	9
76546575	C	T	54	0	55	6
76966781	C	T	63	0	59	5
77019338	C	A	53	0	56	10
78881941	G	T	79	0	48	11
79716326	C	T	59	0	56	8
80331848	G	T	53	0	39	11
80513240	C	A	63	0	37	8
80736480	C	T	56	0	37	7
80786722	A	C	59	0	54	7
81288297	G	T	67	0	52	10
81537097	T	C	74	0	37	8
81552786	G	A	53	0	46	12
82628757	C	A	50	0	50	6
83245388	G	A	59	0	60	7
85333330	G	A	65	0	41	17
85892082	C	G	65	0	36	7
85995546	C	T	59	0	45	7
86035502	G	A	56	0	35	8
86282044	G	A	44	0	50	5
87204053	T	A	79	0	47	4
87508765	C	T	65	0	54	8
88128357	G	A	61	0	45	8
90680557	A	G	63	0	42	11
91628474	G	T	65	0	46	3
91853636	G	T	60	0	40	10
93058503	T	C	61	0	53	10
99011105	C	A	62	0	39	21
100463993	T	A	63	0	38	30
102857617	G	A	76	0	43	5
103196714	T	A	69	0	54	6
104157232	G	A	56	0	56	5
104690287	G	C	67	0	29	5
105978620	C	A	60	0	48	8
105978717	T	A	44	0	55	10
106338353	T	C	53	0	58	9
106769684	C	T	63	0	50	7
107469364	A	T	58	0	46	9
108596533	A	T	110	0	127	5
109570824	T	A	71	0	41	7
110511338	C	A	60	0	48	6
111818919	G	C	61	0	35	7
113124500	C	T	66	0	55	14
114582686	G	A	53	0	44	8
116450610	C	G	81	0	62	9
116758424	C	T	50	0	48	9
117353413	C	A	57	0	38	6
117907374	A	C	68	0	47	9
118738158	G	A	61	0	56	9
119095912	G	A	60	0	52	10
119680923	C	A	63	0	44	8
120687577	G	A	74	0	74	3
142381526	G	A	62	0	49	4
142794820	C	T	54	0	49	5
143675731	T	A	50	0	59	10
143917639	C	A	78	0	61	10
144526663	G	A	100	0	100	7
147122486	A	G	57	0	57	6
148202120	C	T	55	0	47	7
148553915	G	T	58	0	51	7
148815709	G	A	48	0	55	7
150715850	C	T	64	0	58	7
150832478	A	T	63	0	51	3
151157835	G	A	76	0	62	9
152075363	G	T	68	0	52	10
153140293	G	A	46	0	41	9
155503003	T	G	60	0	63	8
155536803	A	G	63	0	46	8
155970715	C	A	66	0	51	11
156322594	C	T	62	0	50	8
157702543	G	T	55	0	43	29
157791587	G	A	66	0	38	34
162242705	G	A	51	0	30	32
163130056	A	T	59	0	33	32
164491278	A	C	54	0	39	25
166102629	G	A	64	0	36	35
169162280	G	T	61	0	33	36
169927447	C	A	63	0	31	20
175085672	C	G	73	0	45	37
177778917	G	T	59	0	24	24
178207649	A	G	59	0	36	30
183811768	C	A	60	0	44	33
184353000	G	T	61	0	32	42
185053557	C	A	63	0	44	6
185719178	G	T	49	0	47	10
187146295	G	A	62	0	42	12
187756887	C	A	61	0	52	7
187829553	G	T	58	0	58	11
188429027	G	T	73	0	64	15
188480588	T	A	57	0	53	10
189305807	A	T	53	0	42	7
190355205	C	T	59	0	44	3
191281109	G	C	69	0	63	5
192068898	C	T	59	0	54	7
193369326	A	T	63	0	53	5
193824454	G	A	62	0	43	4
193832389	G	A	53	0	50	9
194283680	C	A	61	0	48	13
194408792	G	A	83	0	54	7
195890907	A	G	65	0	52	6
202892791	C	T	77	0	32	32
203126329	C	T	57	0	53	23
205580821	G	T	67	0	49	33
209512576	A	T	56	0	37	24
209640918	A	G	64	0	42	24
212942050	C	T	57	0	48	38
213169665	G	T	67	0	55	8
214380812	G	A	68	0	48	36
216606251	T	G	46	0	37	35
217838490	C	T	59	0	40	38
220174184	A	C	65	0	42	6
220376764	C	A	68	0	54	7
220506775	C	A	77	0	49	11
220981874	T	C	64	0	46	10
221291237	G	T	73	0	40	8
222407994	C	T	62	0	42	11
222628108	A	G	65	0	41	13
224033479	A	T	63	0	55	9
224096985	G	T	61	0	52	8
224909331	C	T	75	0	38	3
226723494	G	A	72	0	42	13
227462545	G	A	74	0	43	13
227771686	G	C	63	0	52	7
228460639	C	T	61	0	52	8
228725421	G	A	71	0	40	8
228807248	A	G	54	0	45	8
229631643	T	G	45	0	51	12
230767218	C	A	68	0	56	7
231209767	G	C	58	0	52	9
233310408	G	A	58	0	51	5
233453056	A	C	56	0	44	11
233696185	C	T	55	0	46	11
233974826	A	G	52	0	47	9
235397978	G	T	61	0	50	7
235802533	C	T	61	0	42	12
236106926	G	A	62	0	36	5
236120219	T	G	74	0	56	11
236169729	G	A	61	0	29	8
236255982	G	A	56	0	40	3
236295183	C	T	56	0	52	9
237076758	G	T	58	0	53	8
239001984	G	T	64	0	58	6
239327918	T	G	48	0	40	7
239476791	G	T	61	0	45	9
239576237	C	T	61	0	47	8
240109943	G	A	47	0	43	6
240570790	T	G	80	0	45	6
241189455	G	A	64	0	57	5
242388314	C	T	62	0	45	6
242581980	G	A	71	0	50	10
244695806	C	T	58	0	47	7
245225763	G	A	82	0	49	17
245685822	C	A	66	0	51	11
