#pos	ref	alt	a_N	b_N	a_T	b_T
150	C	T	53	0	35	13
556779	A	G	60	0	51	12
1486324	G	A	66	0	47	11
2857140	C	T	58	0	36	20
6309595	G	A	65	0	50	15
11062042	T	C	57	0	43	13
15801874	T	C	56	1	45	8
16566934	T	G	74	0	41	14
16572678	C	A	50	0	44	15
16747377	C	T	151	0	100	14
17288242	G	T	57	0	44	13
18707142	T	A	62	0	51	16
20283134	A	T	67	0	38	8
22167516	C	T	93	0	69	16
23307238	A	T	65	0	44	14
27693488	G	C	71	0	38	13
27910482	C	T	50	0	30	16
28383427	G	T	51	0	38	13
34673235	C	T	62	0	46	9
34943752	T	A	56	0	50	16
35773076	G	A	68	0	42	17
35977629	C	A	68	0	48	14
36049670	C	A	58	0	51	22
39591764	C	G	54	0	48	16
43161464	G	C	58	0	50	16
45204716	G	A	57	0	41	11
46517198	G	A	56	0	54	17
48564780	C	A	61	0	54	22
50022972	G	A	68	0	54	14
50024994	A	C	63	0	50	15
52114369	A	T	62	0	59	11
52761885	A	C	57	0	46	11
54764848	A	G	58	0	40	20
57056756	C	T	57	0	73	14
61263719	A	G	70	0	43	15
64932180	G	A	59	0	35	14
68801174	A	G	52	0	55	12
69326830	G	T	69	0	42	17
69565947	G	A	60	0	46	11
70564107	G	A	69	0	32	21
74699534	C	T	64	0	43	11
75641754	C	T	66	0	35	11
76488200	C	A	57	0	47	10
76546575	C	T	58	0	52	13
76966781	C	T	68	0	62	13
77019338	C	A	52	0	48	16
78881941	G	T	61	0	50	24
79716326	C	T	53	0	47	12
80331848	G	T	61	0	53	15
80513240	C	A	71	0	61	21
80736480	C	T	69	0	51	13
80786722	A	C	84	0	65	15
81288297	G	T	47	0	53	18
81537097	T	C	57	0	42	18
81552786	G	A	67	0	56	16
82628757	C	A	65	0	49	19
83245388	G	A	60	0	51	13
85333330	G	A	52	0	53	12
85892082	C	G	69	0	54	20
85995546	C	T	62	0	58	20
86035502	G	A	55	0	61	11
86282044	G	A	55	0	55	15
87204053	T	A	72	0	63	9
87508765	C	T	52	0	71	6
88128357	G	A	68	0	56	15
90680557	A	G	76	0	53	17
91853636	G	T	56	0	36	13
93192515	C	T	65	0	45	14
100184452	C	T	72	0	45	11
101857031	G	A	71	0	42	12
102097505	G	A	71	0	53	18
102857617	G	A	72	0	44	11
103196714	T	A	54	0	46	18
104690287	G	C	83	0	49	15
106338353	T	C	61	0	61	18
109570824	T	A	59	0	39	12
110511338	C	A	65	0	54	11
113124500	C	T	53	0	43	15
116450610	C	G	66	0	33	7
116758424	C	T	58	0	43	17
117907374	A	C	59	0	44	11
118738158	G	A	52	0	43	13
120687577	G	A	75	0	46	9
147122486	A	G	67	0	41	16
148553915	G	T	59	0	50	17
148815709	G	A	75	0	34	18
150715850	C	T	69	0	41	15
150832478	A	T	64	0	37	19
151157835	G	A	73	0	44	18
152075363	G	T	69	0	52	13
153140293	G	A	56	0	39	20
155503003	T	G	56	0	47	12
155970715	C	A	65	0	59	9
156322594	C	T	69	0	46	13
156875325	G	T	51	0	40	9
157233036	A	G	80	0	47	13
157299085	G	T	46	0	47	15
157638211	G	A	76	0	36	15
158566531	G	A	55	0	31	16
166692941	T	C	48	0	55	17
167123359	G	A	60	0	41	11
167234140	G	A	53	0	55	20
168217387	T	C	57	0	62	21
169162280	G	T	62	0	56	13
169927447	C	A	66	0	51	6
169985347	T	A	62	0	59	9
171582026	C	T	61	0	63	16
175085672	C	G	66	0	47	15
175336025	G	T	75	0	62	16
175401939	C	A	55	0	62	14
178820143	G	T	76	0	49	12
179749509	C	T	69	0	47	17
187146295	G	A	57	0	45	12
187829553	G	T	57	0	42	16
188480588	T	A	63	0	34	21
190355205	C	T	61	0	39	14
191281109	G	C	54	0	52	13
193369326	A	T	56	0	39	16
194283680	C	A	69	0	56	19
202892791	C	T	59	0	56	11
203126329	C	T	55	0	47	12
204612951	T	C	35	0	39	13
205580821	G	T	62	0	61	19
207908397	A	C	59	0	51	9
209512576	A	T	67	0	46	17
209578956	C	A	48	0	63	17
209640918	A	G	81	0	61	11
210134563	G	T	65	0	57	11
212942050	C	T	59	0	64	14
212974570	G	A	74	0	47	16
213010451	C	T	63	0	47	17
214380812	G	A	51	0	59	17
216606251	T	G	53	0	47	12
216766508	G	A	53	0	69	12
217341205	C	T	56	0	56	19
217838490	C	T	66	0	60	13
220174184	A	C	54	0	54	13
220376764	C	A	65	0	51	15
220506775	C	A	61	0	50	13
220981874	T	C	73	0	66	12
221291237	G	T	69	0	54	18
222407994	C	T	58	0	53	15
222628108	A	G	55	0	57	17
224033479	A	T	64	0	42	20
224096985	G	T	43	0	56	13
224909331	C	T	58	0	56	15
226723494	G	A	56	0	68	15
227462545	G	A	58	0	41	13
227771686	G	C	61	0	59	13
228460639	C	T	70	0	57	19
228725421	G	A	52	0	65	15
228807248	A	G	55	0	62	12
229631643	T	G	65	0	61	7
230767218	C	A	80	0	48	20
231209767	G	C	74	0	56	12
233453056	A	C	68	0	40	11
233696185	C	T	59	0	41	13
235802533	C	T	70	0	43	21
237076758	G	T	71	0	49	10
239327918	T	G	70	0	57	13
239476791	G	T	67	0	42	11
239576237	C	T	64	0	40	13
240570790	T	G	61	0	39	10
242388314	C	T	54	0	42	14
244695806	C	T	64	0	38	17
245685822	C	A	49	0	45	16
