#pos	ref	alt	a_N	b_N	a_T	b_T
150	C	T	51	0	61	30
556779	A	G	64	0	67	23
558867	T	C	57	0	59	28
559737	C	T	59	0	55	33
1486324	G	A	68	0	61	36
2857140	C	T	62	0	57	32
4149358	C	T	68	0	53	29
6108425	G	A	68	0	45	34
6287040	C	T	65	0	53	38
6309595	G	A	52	0	50	24
11062042	T	C	55	0	52	38
11145953	A	C	59	0	61	23
11951633	C	T	62	0	43	29
15801874	T	C	54	0	47	29
16020809	T	C	64	0	58	35
16566934	T	G	78	0	53	33
16572678	C	A	68	0	61	32
16693710	G	A	54	0	57	45
16747377	C	T	162	0	159	20
16881046	T	A	75	0	77	31
17288242	G	T	44	0	49	27
18707142	T	A	48	0	65	31
20283134	A	T	72	0	49	25
20918547	C	T	56	0	50	46
22167516	C	T	106	0	101	28
23307238	A	T	63	0	52	33
23348187	T	A	60	0	62	37
25595430	A	C	75	0	52	27
25996272	G	A	61	0	51	32
26622485	C	T	77	0	58	25
27641044	G	A	62	0	59	32
27648589	T	C	58	0	55	35
27693488	G	C	58	0	48	32
27910482	C	T	67	0	58	37
28383427	G	T	65	0	52	27
34360871	C	A	63	0	58	28
34673235	C	T	59	0	59	33
34943752	T	A	64	0	51	28
34961035	C	T	53	0	61	28
35773076	G	A	62	0	46	23
35977629	C	A	61	0	52	35
36049670	C	A	51	0	57	30
37101443	G	T	68	0	49	31
38637666	T	C	59	0	63	37
39591764	C	G	61	0	58	33
40220833	G	T	52	0	61	29
40795381	C	A	61	0	48	27
44301125	A	G	67	0	29	27
46517198	G	A	61	0	19	27
52761885	A	C	71	0	20	32
54764848	A	G	63	0	24	40
67061162	G	T	57	0	21	35
67714987	T	C	87	0	13	28
68987724	T	C	65	0	22	27
69125785	T	G	59	0	16	22
70541027	G	A	63	0	25	39
73848527	C	T	52	0	20	24
76488200	C	A	65	0	26	35
78881941	G	T	57	0	32	18
79716326	C	T	64	0	43	19
80331848	G	T	59	0	43	14
80513240	C	A	73	0	30	26
80736480	C	T	56	0	32	18
80786722	A	C	54	0	42	13
81288297	G	T	56	0	43	17
81537097	T	C	72	0	29	9
81552786	G	A	67	0	30	11
82628757	C	A	71	0	30	20
83245388	G	A	66	0	34	21
85333330	G	A	72	0	35	15
85892082	C	G	59	0	27	15
85995546	C	T	67	0	44	15
86035502	G	A	64	0	37	20
86282044	G	A	51	0	34	13
87204053	T	A	78	0	38	11
87508765	C	T	73	0	30	21
88128357	G	A	58	0	29	16
90680557	A	G	61	0	39	10
91628474	G	T	80	0	46	21
91853636	G	T	81	0	41	22
93058503	T	C	60	0	38	11
93192515	C	T	58	0	43	19
99011105	C	A	69	0	43	12
100184452	C	T	60	0	29	15
100463993	T	A	77	0	35	23
101857031	G	A	77	0	44	10
102097505	G	A	71	0	38	20
102857617	G	A	46	0	41	18
103196714	T	A	68	0	38	15
104157232	G	A	77	0	40	16
104690287	G	C	69	0	44	13
105978620	C	A	75	0	35	11
105978717	T	A	70	0	35	21
106338353	T	C	75	0	50	14
106769684	C	T	59	0	42	24
107469364	A	T	47	0	36	10
108596533	A	T	131	0	94	14
109570824	T	A	64	0	37	15
110511338	C	A	53	0	41	14
111818919	G	C	74	0	46	21
113124500	C	T	48	0	41	10
114582686	G	A	65	0	20	11
117353413	C	A	73	0	21	17
119095912	G	A	65	0	26	14
119680923	C	A	68	0	14	15
121043647	T	G	67	0	17	3
142381526	G	A	53	0	52	16
142794820	C	T	75	0	65	23
143675731	T	A	70	0	65	41
143917639	C	A	73	0	78	37
144526663	G	A	96	1	105	33
146634904	C	G	99	0	83	9
147122486	A	G	57	0	73	33
148202120	C	T	53	0	49	28
148553915	G	T	64	0	53	29
148815709	G	A	49	0	63	31
150715850	C	T	49	0	47	37
150832478	A	T	67	0	58	28
151157835	G	A	66	0	62	29
152075363	G	T	58	0	45	21
153140293	G	A	66	0	48	29
155503003	T	G	48	0	55	37
155536803	A	G	56	0	53	29
155970715	C	A	68	0	46	28
156322594	C	T	56	0	49	32
156875325	G	T	53	0	59	26
157233036	A	G	53	0	49	24
157299085	G	T	66	0	50	37
157638211	G	A	71	0	47	20
157702543	G	T	66	0	57	26
157791587	G	A	77	0	41	28
158566531	G	A	69	0	50	24
162242705	G	A	57	0	21	25
163130056	A	T	60	0	26	31
164491278	A	C	55	0	21	36
166102629	G	A	59	0	33	28
169162280	G	T	54	0	19	37
169927447	C	A	47	0	15	21
175085672	C	G	48	0	19	36
177778917	G	T	63	0	20	30
178207649	A	G	62	0	19	32
183811768	C	A	56	0	19	40
184353000	G	T	60	0	25	29
185053557	C	A	60	0	15	41
185719178	G	T	51	0	22	21
187756887	C	A	68	0	29	19
188429027	G	T	69	0	14	30
189305807	A	T	48	0	21	19
192068898	C	T	68	0	38	12
193369326	A	T	56	0	34	13
193824454	G	A	66	0	29	14
193832389	G	A	72	0	38	14
194283680	C	A	47	0	30	15
194408792	G	A	74	0	32	28
195890907	A	G	72	0	35	18
198560885	G	A	59	0	30	9
198825382	A	T	52	0	37	18
199032422	G	T	58	0	45	17
202892791	C	T	59	0	51	20
203126329	C	T	61	0	32	23
204612951	T	C	53	0	42	9
205580821	G	T	56	0	41	13
207908397	A	C	69	0	34	17
209512576	A	T	68	0	42	18
209578956	C	A	59	0	41	15
209640918	A	G	67	0	37	13
210134563	G	T	63	0	33	15
212942050	C	T	68	0	43	11
212974570	G	A	61	0	34	9
213010451	C	T	52	0	36	22
213169665	G	T	67	0	48	3
214380812	G	A	61	0	33	16
216606251	T	G	55	0	39	15
216766508	G	A	51	0	43	22
217341205	C	T	65	0	37	13
217838490	C	T	57	0	34	13
220174184	A	C	66	0	38	10
220376764	C	A	66	0	27	23
220506775	C	A	63	0	37	14
220981874	T	C	72	0	35	11
221291237	G	T	59	0	41	17
222407994	C	T	69	0	28	13
222628108	A	G	50	0	39	14
224096985	G	T	68	0	21	15
226723494	G	A	65	0	17	12
227462545	G	A	62	0	22	21
227771686	G	C	53	0	20	17
228807248	A	G	42	0	27	16
233310408	G	A	57	0	17	16
233974826	A	G	55	0	17	26
235397978	G	T	58	0	27	23
236106926	G	A	55	0	20	13
236120219	T	G	65	0	23	16
236169729	G	A	58	0	21	14
236255982	G	A	71	0	29	13
236295183	C	T	69	0	18	19
239001984	G	T	55	0	21	10
240109943	G	A	72	0	28	10
241189455	G	A	67	0	13	13
242581980	G	A	67	0	26	8
245225763	G	A	56	0	28	15
