#pos	ref	alt	a_N	b_N	a_T	b_T
150	C	T	53	0	44	17
556779	A	G	62	0	35	20
1486324	G	A	62	0	28	21
2857140	C	T	66	0	44	18
6309595	G	A	65	0	46	21
11062042	T	C	63	0	42	13
11145953	A	C	57	0	53	14
11951633	C	T	72	0	62	19
16020809	T	C	55	0	49	35
16566934	T	G	70	0	53	29
16572678	C	A	52	0	64	15
16693710	G	A	56	0	42	20
16747377	C	T	147	0	153	25
16881046	T	A	70	0	60	15
17288242	G	T	58	0	57	16
18707142	T	A	67	0	74	21
20283134	A	T	54	0	64	15
20918547	C	T	61	0	54	21
22167516	C	T	94	0	95	14
23307238	A	T	76	0	52	15
23348187	T	A	69	0	52	14
25595430	A	C	78	0	64	19
25996272	G	A	68	0	62	21
26622485	C	T	55	0	54	18
27641044	G	A	74	0	58	12
27648589	T	C	63	0	47	14
27693488	G	C	71	0	49	18
27910482	C	T	68	0	68	16
28383427	G	T	54	0	37	17
34673235	C	T	52	0	39	20
34943752	T	A	67	0	42	15
35773076	G	A	50	0	38	12
35977629	C	A	59	0	32	13
36049670	C	A	44	0	31	13
39591764	C	G	67	0	31	14
43161464	G	C	67	0	31	21
45204716	G	A	60	0	40	10
48564780	C	A	63	0	37	27
50022972	G	A	51	0	40	23
50024994	A	C	51	0	43	23
52114369	A	T	59	0	50	10
57056756	C	T	57	0	37	20
61263719	A	G	63	0	34	19
64932180	G	A	50	0	25	21
67061162	G	T	54	0	44	15
67714987	T	C	57	0	60	21
68801174	A	G	56	0	61	15
68987724	T	C	64	0	50	15
69125785	T	G	59	0	54	15
69326830	G	T	65	0	70	19
69565947	G	A	62	0	63	34
70541027	G	A	57	0	59	16
70564107	G	A	70	0	38	19
73848527	C	T	60	0	45	21
74699534	C	T	52	0	52	14
75641754	C	T	49	0	51	15
76488200	C	A	55	0	67	15
76546575	C	T	64	0	49	22
76966781	C	T	64	0	52	25
77019338	C	A	63	0	43	20
78881941	G	T	67	0	37	12
79716326	C	T	60	0	53	20
80331848	G	T	65	0	63	25
80513240	C	A	59	0	44	11
80736480	C	T	63	0	67	13
80786722	A	C	48	0	53	16
81288297	G	T	66	0	55	9
81537097	T	C	77	0	51	10
81552786	G	A	39	0	57	18
82628757	C	A	60	0	69	14
83245388	G	A	62	0	54	14
85333330	G	A	54	0	46	19
85892082	C	G	47	0	60	20
85995546	C	T	67	0	56	23
86035502	G	A	68	0	46	21
86282044	G	A	56	0	60	21
87204053	T	A	55	0	54	15
87508765	C	T	70	0	50	19
88128357	G	A	59	0	52	22
90680557	A	G	65	0	51	21
91628474	G	T	60	0	53	19
91853636	G	T	65	0	56	14
93058503	T	C	46	0	53	20
93192515	C	T	68	0	60	14
99011105	C	A	70	0	60	22
100184452	C	T	62	0	56	23
100463993	T	A	79	0	61	18
101857031	G	A	70	0	47	13
102097505	G	A	57	0	56	17
102857617	G	A	63	0	37	15
103196714	T	A	56	0	41	19
104690287	G	C	70	0	30	27
106338353	T	C	78	0	45	18
109570824	T	A	62	0	37	21
110511338	C	A	75	0	47	18
113124500	C	T	54	0	34	24
116450610	C	G	59	0	34	18
116758424	C	T	57	0	32	17
117907374	A	C	62	0	44	22
118738158	G	A	67	0	36	15
120687577	G	A	87	0	60	8
147122486	A	G	66	0	44	26
148553915	G	T	66	0	41	12
148815709	G	A	59	0	33	20
150715850	C	T	61	0	25	23
150832478	A	T	73	0	41	15
151157835	G	A	67	0	34	24
152075363	G	T	60	0	34	17
153140293	G	A	64	0	39	24
155503003	T	G	75	0	33	17
155970715	C	A	60	0	32	21
156322594	C	T	69	0	29	12
156875325	G	T	67	0	30	22
157233036	A	G	73	0	40	13
157299085	G	T	68	0	26	12
157638211	G	A	65	0	34	14
158566531	G	A	60	0	38	20
163130056	A	T	65	0	50	14
164491278	A	C	56	0	57	28
166102629	G	A	61	0	51	16
166692941	T	C	58	0	47	20
167123359	G	A	65	0	51	17
167234140	G	A	57	0	45	16
168217387	T	C	64	0	61	18
169162280	G	T	63	0	48	23
169927447	C	A	61	0	51	14
169985347	T	A	64	0	55	21
171582026	C	T	58	0	56	14
175085672	C	G	49	0	40	21
175336025	G	T	48	0	63	17
175401939	C	A	54	0	56	13
177778917	G	T	59	0	46	20
178207649	A	G	73	0	47	18
178820143	G	T	66	0	63	26
179749509	C	T	62	0	58	17
183811768	C	A	49	0	49	16
184353000	G	T	68	0	51	23
185053557	C	A	83	0	59	29
185719178	G	T	69	0	62	16
187146295	G	A	58	0	50	11
187756887	C	A	55	0	60	18
187829553	G	T	58	0	53	15
188429027	G	T	54	0	66	17
188480588	T	A	62	0	62	17
189305807	A	T	71	0	42	8
190355205	C	T	63	0	66	14
191281109	G	C	54	0	31	13
193369326	A	T	74	0	31	23
194283680	C	A	58	0	39	27
198560885	G	A	68	0	53	22
198825382	A	T	63	0	51	16
199032422	G	T	72	0	55	21
202892791	C	T	54	0	57	18
203126329	C	T	76	0	54	19
204612951	T	C	49	0	45	13
205580821	G	T	69	0	51	14
207908397	A	C	52	0	55	15
209512576	A	T	61	0	64	15
209578956	C	A	62	0	53	14
209640918	A	G	55	0	43	13
210134563	G	T	59	0	48	12
212942050	C	T	53	0	54	12
212974570	G	A	56	0	56	17
213010451	C	T	74	0	54	13
214380812	G	A	65	0	59	17
216606251	T	G	71	0	54	21
216766508	G	A	65	0	53	15
217341205	C	T	74	0	47	28
217838490	C	T	51	0	55	11
220174184	A	C	67	0	54	18
220376764	C	A	65	0	62	18
220506775	C	A	72	0	42	18
220981874	T	C	71	0	52	15
221143213	C	T	75	0	59	5
221291237	G	T	59	0	52	17
222407994	C	T	69	0	59	21
222628108	A	G	59	0	49	13
224033479	A	T	73	0	54	17
224096985	G	T	59	0	48	12
224909331	C	T	68	0	38	20
228460639	C	T	51	0	37	13
228725421	G	A	60	0	42	16
229631643	T	G	65	0	33	16
230767218	C	A	53	0	35	17
231209767	G	C	49	0	30	22
233453056	A	C	63	0	26	15
233696185	C	T	67	0	29	17
235802533	C	T	66	0	41	19
237076758	G	T	69	0	26	16
239327918	T	G	58	0	30	15
239476791	G	T	58	0	40	16
239576237	C	T	54	0	37	19
240570790	T	G	70	0	27	12
242388314	C	T	66	0	34	10
244695806	C	T	57	0	32	22
245685822	C	A	65	0	38	20
