#pos	ref	alt	a_N	b_N	a_T	b_T
150	C	T	59	0	37	5
556779	A	G	52	0	63	8
558867	T	C	57	0	57	6
559737	C	T	59	0	59	6
1486324	G	A	57	0	56	8
2857140	C	T	65	0	44	8
4149358	C	T	64	0	54	16
6108425	G	A	56	0	45	7
6287040	C	T	56	0	56	7
6309595	G	A	59	0	40	15
11062042	T	C	59	0	57	10
11145953	A	C	48	0	54	7
11951633	C	T	60	0	53	11
16020809	T	C	51	0	54	9
16566934	T	G	64	0	51	7
16572678	C	A	71	0	49	8
16693710	G	A	54	0	52	4
16747377	C	T	131	0	117	8
16881046	T	A	66	0	59	8
17288242	G	T	52	0	59	10
18707142	T	A	56	0	53	13
20283134	A	T	62	0	65	4
20918547	C	T	56	0	47	17
22167516	C	T	104	0	101	13
23307238	A	T	69	0	53	15
23348187	T	A	56	0	57	10
25595430	A	C	67	0	70	9
25996272	G	A	61	0	56	8
26622485	C	T	75	0	64	7
27641044	G	A	63	0	54	9
27648589	T	C	65	0	46	13
27693488	G	C	56	0	54	14
27910482	C	T	74	0	51	5
28383427	G	T	71	0	54	6
34360871	C	A	56	0	50	4
34673235	C	T	69	0	56	9
34943752	T	A	56	0	66	10
34961035	C	T	69	0	73	9
35773076	G	A	66	0	44	10
35977629	C	A	58	0	47	7
36049670	C	A	63	0	59	7
37101443	G	T	69	0	52	11
39591764	C	G	80	0	44	3
40220833	G	T	63	0	46	5
40795381	C	A	69	0	60	8
43161464	G	C	53	0	47	6
44301125	A	G	60	0	46	8
45204716	G	A	74	0	52	8
46517198	G	A	50	0	49	5
48564780	C	A	68	0	47	8
50022972	G	A	57	0	52	7
50024994	A	C	64	0	72	7
52114369	A	T	51	0	45	8
52761885	A	C	69	0	54	8
54764848	A	G	70	0	41	8
57056756	C	T	85	0	65	14
61263719	A	G	74	0	48	12
64932180	G	A	66	0	53	9
67061162	G	T	67	0	54	15
67714987	T	C	67	0	53	9
68801174	A	G	63	0	48	10
68987724	T	C	66	0	46	9
69125785	T	G	53	0	47	8
69326830	G	T	56	0	53	7
69565947	G	A	65	0	48	8
70541027	G	A	71	0	52	6
70564107	G	A	69	0	60	13
73848527	C	T	70	0	55	4
74699534	C	T	60	0	54	10
75641754	C	T	73	0	47	7
76488200	C	A	56	0	75	9
76546575	C	T	55	0	65	7
76966781	C	T	55	0	55	11
77019338	C	A	67	0	58	7
78881941	G	T	63	0	60	3
79716326	C	T	70	0	68	16
80331848	G	T	56	0	52	7
80513240	C	A	66	0	41	12
80736480	C	T	73	0	49	4
80786722	A	C	62	0	54	10
81288297	G	T	70	0	63	9
81537097	T	C	59	0	54	9
81552786	G	A	61	0	49	12
82628757	C	A	57	0	53	3
83245388	G	A	71	0	44	18
85333330	G	A	63	0	56	6
85892082	C	G	67	0	41	8
85995546	C	T	65	0	57	9
86035502	G	A	55	0	48	12
86282044	G	A	63	0	51	12
87204053	T	A	85	0	60	8
87508765	C	T	77	0	53	4
88128357	G	A	60	0	57	8
90680557	A	G	58	0	67	10
91628474	G	T	71	0	51	13
91853636	G	T	54	0	37	16
93058503	T	C	59	0	49	18
93192515	C	T	48	0	65	5
99011105	C	A	57	0	47	12
100184452	C	T	53	0	55	15
100463993	T	A	65	0	57	11
101857031	G	A	58	0	57	15
102097505	G	A	69	0	58	5
102857617	G	A	60	0	52	11
103196714	T	A	63	0	54	8
104157232	G	A	59	0	44	8
104690287	G	C	53	0	62	13
105978620	C	A	56	0	60	11
105978717	T	A	52	0	65	8
106338353	T	C	77	0	57	9
106769684	C	T	76	0	54	11
107469364	A	T	56	0	50	7
108596533	A	T	135	0	98	7
109570824	T	A	68	0	64	8
110511338	C	A	63	0	47	9
111818919	G	C	46	0	45	9
113124500	C	T	90	0	49	6
114582686	G	A	60	0	52	3
116450610	C	G	79	0	57	12
116758424	C	T	84	0	52	15
117353413	C	A	68	0	39	7
117907374	A	C	64	0	56	13
118738158	G	A	73	0	51	12
119095912	G	A	67	0	56	10
119680923	C	A	67	0	38	16
120687577	G	A	82	0	67	6
142381526	G	A	66	0	55	6
142794820	C	T	72	0	58	13
143675731	T	A	84	0	42	5
143917639	C	A	94	0	58	9
144526663	G	A	109	0	96	5
147122486	A	G	72	0	62	13
148202120	C	T	64	0	56	9
148553915	G	T	70	0	50	9
148815709	G	A	67	0	60	9
150715850	C	T	66	0	39	9
150832478	A	T	65	0	55	10
151157835	G	A	64	0	47	6
152075363	G	T	48	0	51	6
153140293	G	A	55	0	51	9
155503003	T	G	55	0	62	8
155536803	A	G	59	0	57	11
155970715	C	A	65	0	60	10
156322594	C	T	56	0	55	13
156875325	G	T	63	0	59	7
157233036	A	G	76	0	60	10
157299085	G	T	68	0	59	11
157638211	G	A	67	0	58	11
157702543	G	T	61	0	46	7
157791587	G	A	58	0	62	8
158566531	G	A	63	0	35	8
162242705	G	A	65	0	53	6
163130056	A	T	63	0	51	11
164491278	A	C	49	0	41	16
166102629	G	A	57	0	45	12
166692941	T	C	58	0	46	10
167123359	G	A	50	0	48	11
167234140	G	A	64	0	52	7
168217387	T	C	61	0	46	7
169162280	G	T	66	0	50	9
169927447	C	A	63	0	52	3
169985347	T	A	66	0	65	9
171582026	C	T	68	0	62	10
175085672	C	G	66	0	50	10
175336025	G	T	67	0	51	4
175401939	C	A	72	0	46	13
177778917	G	T	84	0	42	11
178207649	A	G	60	0	59	7
178820143	G	T	64	0	46	13
179749509	C	T	58	0	57	5
183811768	C	A	57	0	53	17
184353000	G	T	53	0	52	18
185053557	C	A	74	0	62	8
185719178	G	T	65	0	52	9
187146295	G	A	53	0	53	11
187756887	C	A	62	0	60	8
187829553	G	T	83	0	50	13
188429027	G	T	69	0	51	8
188480588	T	A	46	0	50	9
189305807	A	T	60	0	42	10
190355205	C	T	65	0	56	9
191281109	G	C	63	0	46	7
192068898	C	T	62	0	56	7
193369326	A	T	58	0	49	8
193824454	G	A	56	0	60	11
193832389	G	A	72	0	48	9
194283680	C	A	49	0	63	13
194408792	G	A	59	0	55	5
195890907	A	G	68	0	53	9
198560885	G	A	70	0	47	13
198825382	A	T	51	0	37	7
199032422	G	T	68	0	48	8
202892791	C	T	71	0	51	11
203126329	C	T	50	0	47	12
204612951	T	C	40	0	47	7
205580821	G	T	46	0	43	10
207908397	A	C	68	0	62	7
209512576	A	T	53	0	38	17
209578956	C	A	74	0	61	11
209640918	A	G	53	0	55	11
210134563	G	T	63	0	66	12
212942050	C	T	58	0	40	14
212974570	G	A	69	0	78	5
213010451	C	T	67	0	64	7
214380812	G	A	55	0	52	25
216606251	T	G	72	0	67	6
216766508	G	A	57	0	50	9
217341205	C	T	61	0	55	8
217838490	C	T	56	0	50	7
220174184	A	C	61	0	47	15
220376764	C	A	55	0	49	6
220506775	C	A	61	0	49	12
220981874	T	C	55	0	46	6
221291237	G	T	49	0	55	6
222407994	C	T	55	0	62	8
222628108	A	G	53	0	58	9
224033479	A	T	68	0	59	10
224096985	G	T	56	0	53	11
224909331	C	T	77	0	59	9
226723494	G	A	68	0	51	9
227462545	G	A	60	0	56	6
227771686	G	C	61	0	50	11
228460639	C	T	54	0	61	9
228725421	G	A	57	0	49	12
228807248	A	G	64	0	45	10
229631643	T	G	56	0	51	9
230767218	C	A	63	0	46	9
231209767	G	C	81	0	51	11
233310408	G	A	58	0	53	7
233453056	A	C	71	0	53	13
233696185	C	T	47	0	56	10
233974826	A	G	58	0	47	12
235397978	G	T	56	0	40	10
235802533	C	T	69	0	43	7
236106926	G	A	57	0	51	12
236120219	T	G	70	0	59	20
236169729	G	A	46	0	43	5
236255982	G	A	56	0	39	7
236295183	C	T	79	0	49	8
237076758	G	T	62	0	51	13
239001984	G	T	53	0	60	5
239327918	T	G	49	0	46	8
239476791	G	T	74	0	47	9
239576237	C	T	70	0	42	15
240109943	G	A	56	0	59	11
240570790	T	G	53	0	54	14
241189455	G	A	65	0	54	3
242388314	C	T	64	0	48	10
242581980	G	A	75	0	51	7
244695806	C	T	52	0	63	10
245225763	G	A	58	0	55	6
245685822	C	A	63	0	57	9
