#pos	ref	alt	a_N	b_N	a_T	b_T
150	C	T	75	0	66	5
556779	A	G	64	0	51	8
558867	T	C	53	0	58	6
1486324	G	A	68	0	51	4
2857140	C	T	63	0	48	11
4149358	C	T	60	0	58	8
6108425	G	A	59	0	62	5
6287040	C	T	75	0	55	4
6309595	G	A	63	0	65	10
11062042	T	C	54	0	67	5
11145953	A	C	54	0	65	4
11951633	C	T	54	0	51	5
15801874	T	C	53	0	48	9
16020809	T	C	67	0	55	7
16566934	T	G	64	0	44	8
16572678	C	A	69	0	50	5
16747377	C	T	164	0	155	11
16881046	T	A	79	0	63	4
17288242	G	T	69	0	60	4
18707142	T	A	65	0	56	10
20283134	A	T	56	0	65	4
20918547	C	T	66	0	52	19
22167516	C	T	77	0	107	5
23307238	A	T	71	0	59	6
23348187	T	A	52	0	45	7
25595430	A	C	79	0	76	3
25996272	G	A	63	0	44	3
26622485	C	T	75	0	69	10
27641044	G	A	69	0	52	11
27648589	T	C	52	0	61	3
27693488	G	C	57	0	50	5
27910482	C	T	65	0	48	6
28383427	G	T	71	0	51	4
34360871	C	A	62	0	62	7
34673235	C	T	73	0	54	9
34961035	C	T	54	0	50	6
35773076	G	A	67	0	68	8
36049670	C	A	47	0	61	3
37101443	G	T	58	0	57	4
38637666	T	C	70	0	53	9
39591764	C	G	59	0	53	5
40795381	C	A	75	0	57	13
43161464	G	C	57	0	49	10
44301125	A	G	67	0	55	8
45204716	G	A	61	0	43	8
46517198	G	A	63	0	58	4
48564780	C	A	63	0	49	6
50022972	G	A	47	0	55	7
50024994	A	C	58	0	39	8
52114369	A	T	65	0	50	7
52761885	A	C	64	0	59	6
54764848	A	G	44	0	60	3
57056756	C	T	68	0	55	4
61263719	A	G	66	0	61	7
64932180	G	A	70	0	55	7
67061162	G	T	51	0	72	7
67714987	T	C	62	0	53	7
68801174	A	G	61	0	60	10
68987724	T	C	48	0	57	5
69125785	T	G	56	0	60	3
69565947	G	A	57	0	51	7
70541027	G	A	63	0	52	4
73848527	C	T	62	0	65	7
74699534	C	T	69	0	55	6
75641754	C	T	65	0	55	5
76488200	C	A	68	0	49	6
76546575	C	T	76	0	52	8
76966781	C	T	61	0	61	7
77019338	C	A	54	0	48	7
79716326	C	T	58	0	69	3
80331848	G	T	58	0	59	4
80513240	C	A	57	0	56	6
80736480	C	T	63	0	54	7
80786722	A	C	70	0	54	6
81288297	G	T	72	0	64	4
81537097	T	C	69	0	58	7
81552786	G	A	53	0	58	5
82628757	C	A	56	0	48	6
83245388	G	A	61	0	62	6
85333330	G	A	57	0	48	4
85892082	C	G	63	0	53	5
85995546	C	T	74	0	62	4
86035502	G	A	66	0	53	5
86282044	G	A	57	0	60	7
87204053	T	A	67	0	52	4
87508765	C	T	61	0	48	4
88128357	G	A	64	0	69	6
90680557	A	G	73	0	53	14
91628474	G	T	66	0	61	3
91853636	G	T	54	0	58	3
93058503	T	C	70	0	64	5
93192515	C	T	74	0	55	6
99011105	C	A	68	0	33	10
100184452	C	T	58	0	58	6
100463993	T	A	67	0	66	6
101857031	G	A	53	0	61	3
102097505	G	A	68	0	46	7
102857617	G	A	68	0	63	12
103196714	T	A	70	0	57	5
104157232	G	A	61	0	40	6
104690287	G	C	51	0	55	5
105978620	C	A	68	0	60	7
105978717	T	A	55	0	64	6
106338353	T	C	59	0	49	4
106769684	C	T	61	0	73	3
107469364	A	T	60	0	60	3
108596533	A	T	115	0	115	6
109570824	T	A	63	0	57	5
110511338	C	A	56	0	64	8
111818919	G	C	61	0	48	4
113124500	C	T	56	0	45	6
114582686	G	A	66	0	48	9
116450610	C	G	52	0	74	13
116758424	C	T	63	0	49	7
117353413	C	A	62	0	61	6
117907374	A	C	70	0	47	8
118738158	G	A	68	0	48	6
119095912	G	A	57	0	50	8
119680923	C	A	70	0	59	7
120687577	G	A	84	0	72	6
142381526	G	A	65	0	43	3
142794820	C	T	50	0	51	6
143917639	C	A	70	0	72	5
144526663	G	A	116	0	105	4
147122486	A	G	59	0	70	4
148202120	C	T	58	0	54	5
148553915	G	T	59	0	51	3
148815709	G	A	64	0	54	4
150715850	C	T	47	0	57	5
150832478	A	T	75	0	55	9
151157835	G	A	61	0	62	5
153140293	G	A	64	0	70	8
155503003	T	G	65	0	53	4
155970715	C	A	70	0	56	3
156322594	C	T	66	0	64	9
156875325	G	T	56	0	46	8
157233036	A	G	54	0	58	7
157299085	G	T	78	0	52	4
157638211	G	A	57	0	51	6
157791587	G	A	50	0	43	7
158566531	G	A	67	0	53	7
162242705	G	A	69	0	55	6
163130056	A	T	61	0	83	6
164491278	A	C	63	0	54	6
166102629	G	A	70	0	42	6
166692941	T	C	63	0	69	5
167123359	G	A	59	0	57	12
167234140	G	A	60	0	49	8
168217387	T	C	59	0	53	5
169162280	G	T	60	0	62	6
169927447	C	A	57	0	54	8
171582026	C	T	57	0	54	3
175085672	C	G	52	0	63	9
175336025	G	T	53	0	51	4
175401939	C	A	47	0	60	9
177778917	G	T	56	0	56	8
178207649	A	G	57	0	46	11
178820143	G	T	60	0	65	4
179749509	C	T	58	0	65	6
183811768	C	A	61	0	54	9
184353000	G	T	60	0	66	7
185053557	C	A	65	0	67	5
185719178	G	T	64	0	61	7
187756887	C	A	58	0	54	8
187829553	G	T	74	0	53	5
188429027	G	T	55	0	71	3
188480588	T	A	50	0	53	7
189305807	A	T	51	0	52	3
190355205	C	T	54	0	59	4
191281109	G	C	65	0	65	5
192068898	C	T	68	0	61	11
193369326	A	T	77	0	41	6
193824454	G	A	59	0	66	9
193832389	G	A	61	0	46	7
194283680	C	A	55	0	65	5
194408792	G	A	54	0	57	5
195890907	A	G	57	0	36	6
198560885	G	A	59	0	64	9
199032422	G	T	70	0	50	5
202892791	C	T	60	0	45	7
203126329	C	T	58	0	51	6
204612951	T	C	43	0	51	5
205580821	G	T	66	0	56	7
207908397	A	C	49	0	59	5
209512576	A	T	58	0	58	13
209578956	C	A	82	0	66	4
209640918	A	G	53	0	56	9
210134563	G	T	49	0	53	4
212942050	C	T	49	0	64	12
212974570	G	A	66	0	68	6
214380812	G	A	70	0	51	12
216606251	T	G	68	0	53	7
216766508	G	A	55	0	65	11
217341205	C	T	66	0	71	10
217838490	C	T	64	0	68	11
220174184	A	C	58	0	47	5
220376764	C	A	56	0	42	6
220506775	C	A	67	0	68	3
220981874	T	C	48	0	60	6
221291237	G	T	65	0	58	6
222407994	C	T	64	0	63	6
222628108	A	G	70	0	55	10
224033479	A	T	75	0	47	5
224096985	G	T	64	0	51	9
224909331	C	T	71	0	71	4
226723494	G	A	61	0	45	6
227462545	G	A	64	0	52	10
227771686	G	C	72	0	59	11
228460639	C	T	57	0	60	9
228725421	G	A	57	0	49	11
228807248	A	G	58	0	68	3
229631643	T	G	57	0	51	9
230767218	C	A	64	0	46	10
231209767	G	C	50	0	41	4
233310408	G	A	59	0	52	7
233453056	A	C	66	0	67	5
233696185	C	T	53	0	58	6
233974826	A	G	68	0	60	3
235802533	C	T	63	0	54	12
236106926	G	A	39	0	59	9
236120219	T	G	63	0	59	7
236255982	G	A	55	0	53	8
236295183	C	T	55	0	51	7
237076758	G	T	57	0	47	6
239001984	G	T	63	0	55	7
239476791	G	T	63	0	49	3
239576237	C	T	62	0	60	7
240570790	T	G	57	0	59	12
242388314	C	T	59	0	59	9
242581980	G	A	75	0	63	10
244695806	C	T	56	0	51	3
245225763	G	A	58	0	52	4
245685822	C	A	51	0	57	13
