#pos	ref	alt	a_N	b_N	a_T	b_T
558867	T	C	58	0	30	33
559737	C	T	63	0	22	41
4149358	C	T	58	0	21	42
6108425	G	A	64	0	24	43
6287040	C	T	60	0	26	34
11145953	A	C	62	0	27	22
11951633	C	T	60	0	25	37
16020809	T	C	71	0	25	35
16693710	G	A	68	0	22	39
16881046	T	A	70	0	40	44
20918547	C	T	65	0	25	35
23348187	T	A	46	0	26	38
25595430	A	C	76	0	41	39
25996272	G	A	59	0	29	43
26622485	C	T	62	0	32	41
27641044	G	A	50	0	21	37
27648589	T	C	71	0	38	33
34360871	C	A	67	0	32	43
34961035	C	T	70	0	32	33
37101443	G	T	57	0	21	46
38637666	T	C	51	0	25	43
40220833	G	T	63	0	28	32
40795381	C	A	60	0	32	37
44301125	A	G	66	0	28	39
46517198	G	A	64	0	30	26
52761885	A	C	61	0	33	47
54764848	A	G	78	0	36	38
67061162	G	T	63	0	33	40
67714987	T	C	59	0	25	34
68987724	T	C	46	0	22	38
69125785	T	G	70	0	28	27
70541027	G	A	54	0	21	29
73848527	C	T	66	0	22	36
76488200	C	A	61	0	22	40
78881941	G	T	65	0	25	33
80736480	C	T	51	0	22	45
80786722	A	C	71	0	31	36
81288297	G	T	69	0	21	36
81537097	T	C	72	0	19	37
81552786	G	A	57	0	17	38
82628757	C	A	57	0	36	35
83245388	G	A	55	0	23	26
86282044	G	A	58	0	19	26
87508765	C	T	49	0	28	40
91628474	G	T	61	0	26	36
93058503	T	C	48	0	30	41
99011105	C	A	68	0	22	27
100463993	T	A	61	0	29	38
104157232	G	A	56	0	23	36
105978620	C	A	61	0	28	33
105978717	T	A	54	0	26	44
106769684	C	T	62	0	23	46
107469364	A	T	66	0	25	35
108596533	A	T	131	0	82	39
111818919	G	C	48	0	21	36
114582686	G	A	59	0	19	27
117353413	C	A	57	0	27	49
119095912	G	A	69	0	26	55
119680923	C	A	65	0	35	33
120687577	G	A	81	0	56	10
142381526	G	A	64	0	28	5
142794820	C	T	64	0	44	24
143675731	T	A	71	0	51	15
143917639	C	A	69	0	78	17
144526663	G	A	103	0	99	21
146634904	C	G	96	0	68	5
147122486	A	G	72	0	55	17
148202120	C	T	70	0	40	19
148553915	G	T	58	0	45	17
148815709	G	A	53	0	40	13
150715850	C	T	63	0	37	15
150832478	A	T	57	0	44	25
151157835	G	A	74	0	35	14
152075363	G	T	60	0	32	22
153140293	G	A	65	0	40	19
155503003	T	G	62	0	33	18
155536803	A	G	65	0	57	28
155970715	C	A	60	0	46	14
156322594	C	T	72	0	41	11
156875325	G	T	55	0	36	21
157233036	A	G	71	0	42	16
157299085	G	T	58	0	43	15
157638211	G	A	60	0	30	25
157702543	G	T	64	0	45	15
157791587	G	A	58	0	37	20
158566531	G	A	53	0	36	24
162242705	G	A	54	0	56	24
163130056	A	T	57	0	40	18
164491278	A	C	59	0	44	16
166102629	G	A	64	0	46	15
166692941	T	C	54	0	35	15
167123359	G	A	71	0	52	13
167234140	G	A	58	0	33	21
168217387	T	C	69	0	35	26
169162280	G	T	56	0	50	19
169927447	C	A	53	0	33	10
169985347	T	A	71	0	49	18
171582026	C	T	58	0	42	15
175085672	C	G	78	0	36	19
175336025	G	T	69	0	42	11
175401939	C	A	58	0	55	19
177778917	G	T	47	0	38	13
178207649	A	G	85	0	39	16
178820143	G	T	70	0	35	29
179749509	C	T	70	0	41	28
183811768	C	A	67	0	41	14
184353000	G	T	65	0	44	16
185053557	C	A	61	0	41	16
185719178	G	T	65	0	53	14
187146295	G	A	60	0	50	15
187756887	C	A	73	0	35	20
187829553	G	T	58	0	49	17
188429027	G	T	57	0	89	12
188480588	T	A	64	0	48	65
189305807	A	T	51	0	48	27
190355205	C	T	67	0	37	20
191281109	G	C	60	0	49	14
192068898	C	T	65	0	41	27
193369326	A	T	62	0	37	17
193824454	G	A	69	0	42	23
193832389	G	A	60	0	45	19
194283680	C	A	51	0	37	20
194408792	G	A	57	0	45	18
195890907	A	G	73	0	42	19
198560885	G	A	76	0	39	22
198825382	A	T	71	0	52	17
199032422	G	T	62	0	44	14
202892791	C	T	61	0	38	17
203126329	C	T	59	0	51	15
204612951	T	C	48	0	35	10
205580821	G	T	45	0	36	21
207908397	A	C	65	0	41	25
209512576	A	T	59	0	43	19
209578956	C	A	63	0	40	21
209640918	A	G	54	0	46	21
210134563	G	T	66	0	49	12
212942050	C	T	71	0	37	24
212974570	G	A	67	0	40	17
213010451	C	T	60	0	49	20
213169665	G	T	66	0	49	3
214380812	G	A	56	0	49	13
216606251	T	G	58	0	32	12
216766508	G	A	66	0	45	17
217341205	C	T	70	0	34	12
217838490	C	T	49	0	48	20
220174184	A	C	56	0	45	14
220376764	C	A	64	0	37	16
220506775	C	A	59	0	43	18
220981874	T	C	55	0	42	16
221291237	G	T	64	0	40	7
222407994	C	T	48	0	58	67
222628108	A	G	75	0	84	13
224033479	A	T	60	0	32	20
224096985	G	T	73	0	39	23
224909331	C	T	38	0	54	22
226723494	G	A	69	0	47	20
227462545	G	A	62	0	46	22
227771686	G	C	75	0	46	11
228460639	C	T	62	0	40	21
228725421	G	A	61	0	53	20
228807248	A	G	56	0	45	12
229631643	T	G	57	0	33	11
230767218	C	A	48	0	43	23
231209767	G	C	54	0	53	20
233310408	G	A	50	0	45	21
233453056	A	C	59	0	43	16
233696185	C	T	80	0	39	15
233974826	A	G	73	0	40	18
235397978	G	T	66	0	36	18
235802533	C	T	54	0	46	14
236106926	G	A	65	0	40	28
236120219	T	G	74	0	35	20
236169729	G	A	65	0	50	23
236255982	G	A	57	0	39	10
236295183	C	T	58	0	50	28
237076758	G	T	65	0	34	17
239001984	G	T	75	0	46	22
239327918	T	G	71	0	47	18
239476791	G	T	57	0	44	21
239576237	C	T	69	0	57	19
240109943	G	A	58	0	44	19
240570790	T	G	69	0	48	16
241189455	G	A	60	0	54	16
242388314	C	T	62	0	41	23
242581980	G	A	72	0	44	19
244695806	C	T	67	0	36	19
245225763	G	A	57	0	40	20
245685822	C	A	48	0	31	18
