#pos	ref	alt	a_N	b_N	a_T	b_T
150	C	T	55	0	20	15
556779	A	G	65	0	33	19
558867	T	C	63	0	27	25
559737	C	T	67	0	40	27
1486324	G	A	57	0	31	19
2857140	C	T	62	0	24	19
4149358	C	T	64	0	41	16
6108425	G	A	64	0	27	19
6287040	C	T	60	0	31	12
6309595	G	A	56	0	35	13
11062042	T	C	67	0	36	12
11145953	A	C	59	0	37	15
11951633	C	T	49	0	30	15
15801874	T	C	60	0	37	10
16020809	T	C	57	0	26	25
16566934	T	G	60	0	39	16
16572678	C	A	57	0	24	14
16693710	G	A	70	0	36	11
16747377	C	T	138	0	81	13
16881046	T	A	67	0	39	14
17288242	G	T	50	0	22	14
18707142	T	A	63	0	56	21
20283134	A	T	69	0	53	21
20918547	C	T	61	0	33	46
22167516	C	T	121	0	90	16
23307238	A	T	63	0	56	10
23348187	T	A	68	0	39	39
25595430	A	C	93	0	32	30
25996272	G	A	70	0	30	41
26622485	C	T	54	0	33	37
27641044	G	A	53	0	35	46
27648589	T	C	60	0	37	36
27693488	G	C	67	0	47	24
27910482	C	T	77	0	46	26
28383427	G	T	52	0	42	27
34360871	C	A	63	0	32	30
34673235	C	T	58	0	43	19
34943752	T	A	56	0	49	20
34961035	C	T	61	0	38	30
35773076	G	A	69	0	39	13
35977629	C	A	73	0	40	15
36049670	C	A	75	0	42	17
37101443	G	T	69	0	29	39
38637666	T	C	64	0	38	35
39591764	C	G	64	0	46	14
40220833	G	T	53	0	41	33
40795381	C	A	62	0	37	24
43161464	G	C	54	0	51	19
44301125	A	G	69	0	28	30
45204716	G	A	70	0	55	12
46517198	G	A	56	0	23	40
48564780	C	A	49	0	50	12
50022972	G	A	60	0	45	11
50024994	A	C	61	0	43	19
52114369	A	T	67	0	41	16
52761885	A	C	63	0	33	41
54764848	A	G	55	0	36	31
57056756	C	T	71	0	55	8
61263719	A	G	46	0	58	20
64932180	G	A	62	0	47	15
67061162	G	T	61	0	36	29
67714987	T	C	60	0	34	39
68801174	A	G	59	0	51	15
68987724	T	C	61	0	22	35
69125785	T	G	50	0	28	40
69326830	G	T	69	0	41	18
69565947	G	A	57	0	52	12
70541027	G	A	65	0	34	22
70564107	G	A	76	0	42	12
73848527	C	T	50	0	23	36
74699534	C	T	54	0	37	21
75641754	C	T	73	0	53	20
76488200	C	A	63	0	30	31
76546575	C	T	58	0	57	14
76966781	C	T	71	0	50	21
77019338	C	A	66	0	58	17
78881941	G	T	55	0	39	31
79716326	C	T	64	0	33	13
80331848	G	T	57	0	50	23
80513240	C	A	62	0	43	16
80736480	C	T	76	0	32	28
80786722	A	C	58	0	41	29
81288297	G	T	58	0	31	43
81537097	T	C	71	0	33	35
81552786	G	A	66	0	30	32
82628757	C	A	58	0	41	38
83245388	G	A	62	0	35	31
85333330	G	A	72	0	50	15
85892082	C	G	73	0	46	14
85995546	C	T	76	0	40	15
86035502	G	A	56	0	38	16
86282044	G	A	74	0	16	29
87204053	T	A	58	0	59	20
87508765	C	T	66	0	35	35
88128357	G	A	52	0	44	15
90680557	A	G	56	0	58	18
91628474	G	T	60	0	40	24
91853636	G	T	56	0	45	8
93058503	T	C	68	0	33	30
93192515	C	T	71	0	41	15
99011105	C	A	57	0	29	26
100184452	C	T	55	0	58	22
100463993	T	A	52	0	33	38
101857031	G	A	63	0	44	19
102097505	G	A	73	0	48	19
102857617	G	A	48	0	39	22
103196714	T	A	64	0	44	16
104157232	G	A	59	0	36	43
104690287	G	C	62	0	41	15
105978620	C	A	62	0	35	41
105978717	T	A	58	0	31	37
106338353	T	C	71	0	51	21
106769684	C	T	70	0	30	34
107469364	A	T	61	0	26	30
108596533	A	T	117	0	84	31
109570824	T	A	56	0	42	23
110511338	C	A	59	0	56	19
111818919	G	C	57	0	21	35
113124500	C	T	59	0	45	18
114582686	G	A	52	0	27	37
116450610	C	G	68	0	62	9
116758424	C	T	62	0	58	10
117353413	C	A	72	0	31	32
117907374	A	C	57	0	51	13
118738158	G	A	57	0	56	22
119095912	G	A	53	0	24	35
119680923	C	A	56	0	38	30
120687577	G	A	71	0	71	11
121043647	T	G	50	0	22	8
142381526	G	A	63	0	31	17
142794820	C	T	53	0	36	42
143675731	T	A	62	0	29	46
143917639	C	A	74	0	50	24
144526663	G	A	125	0	105	24
146634904	C	G	102	0	55	10
147122486	A	G	64	0	60	17
148202120	C	T	55	0	36	34
148553915	G	T	55	0	40	25
148815709	G	A	68	0	48	13
150715850	C	T	58	0	37	15
150832478	A	T	56	0	48	26
151157835	G	A	49	0	56	17
152075363	G	T	52	0	44	12
153140293	G	A	59	0	51	22
155503003	T	G	71	0	51	22
155536803	A	G	67	0	33	45
155970715	C	A	48	0	48	12
156322594	C	T	64	0	57	26
156875325	G	T	48	0	61	12
157233036	A	G	58	0	46	15
157299085	G	T	64	0	50	16
157638211	G	A	72	0	61	14
157702543	G	T	63	0	34	39
157791587	G	A	77	0	25	41
158566531	G	A	74	0	46	18
162242705	G	A	51	0	32	26
163130056	A	T	54	0	31	42
164491278	A	C	72	0	27	36
166102629	G	A	55	0	28	32
166692941	T	C	61	0	53	18
167123359	G	A	54	0	45	17
167234140	G	A	70	0	55	15
168217387	T	C	59	0	47	20
169162280	G	T	54	0	30	39
169927447	C	A	58	0	25	21
169985347	T	A	84	0	43	15
171582026	C	T	64	0	42	13
175085672	C	G	66	0	31	33
175336025	G	T	56	0	49	19
175401939	C	A	60	0	52	15
177778917	G	T	58	0	30	30
178207649	A	G	51	0	42	23
178820143	G	T	66	0	63	18
179749509	C	T	69	0	60	9
183811768	C	A	58	0	21	43
184353000	G	T	51	0	25	37
185053557	C	A	54	0	33	36
185719178	G	T	57	0	33	40
187146295	G	A	68	0	51	22
187756887	C	A	74	0	23	27
187829553	G	T	52	0	66	26
188429027	G	T	82	0	32	30
188480588	T	A	67	0	61	13
189305807	A	T	57	0	33	22
190355205	C	T	67	0	34	14
191281109	G	C	59	0	62	15
192068898	C	T	53	0	40	29
193369326	A	T	72	0	57	18
193824454	G	A	56	0	33	21
193832389	G	A	48	0	32	29
194283680	C	A	52	0	58	14
194408792	G	A	42	0	30	32
195890907	A	G	73	0	35	42
198560885	G	A	65	0	29	37
198825382	A	T	64	0	28	40
199032422	G	T	66	0	39	32
202892791	C	T	59	0	58	19
203126329	C	T	63	0	59	22
204612951	T	C	60	0	32	20
205580821	G	T	61	0	56	15
207908397	A	C	61	0	22	30
209512576	A	T	59	0	43	17
209578956	C	A	62	0	31	30
209640918	A	G	59	0	45	15
210134563	G	T	51	0	31	31
212942050	C	T	49	0	48	14
212974570	G	A	58	0	34	29
213010451	C	T	54	0	36	23
213169665	G	T	76	0	43	4
214380812	G	A	57	0	51	14
216606251	T	G	53	0	49	12
216766508	G	A	60	0	28	25
217341205	C	T	59	0	38	35
217838490	C	T	64	0	51	14
220174184	A	C	55	0	46	23
220376764	C	A	49	0	31	38
220506775	C	A	54	0	61	18
220981874	T	C	58	0	42	12
221291237	G	T	64	0	45	21
222407994	C	T	59	0	48	16
222628108	A	G	69	0	23	15
224033479	A	T	72	0	28	19
224096985	G	T	68	0	28	18
224909331	C	T	58	0	37	23
226723494	G	A	67	0	16	12
227462545	G	A	64	0	10	20
227771686	G	C	66	0	17	17
228807248	A	G	62	0	13	12
233310408	G	A	44	0	15	21
233974826	A	G	56	0	19	17
235397978	G	T	69	0	18	12
236106926	G	A	71	0	11	28
236120219	T	G	79	0	12	24
236169729	G	A	53	0	19	7
236255982	G	A	67	0	15	21
236295183	C	T	48	0	14	21
239001984	G	T	67	0	13	12
240109943	G	A	72	0	16	12
241189455	G	A	52	0	16	14
242581980	G	A	65	0	15	19
245225763	G	A	58	0	15	19
