#pos	ref	alt	a_N	b_N	a_T	b_T
150	C	T	67	0	63	11
556779	A	G	64	0	51	7
558867	T	C	55	0	45	6
559737	C	T	54	0	39	6
1486324	G	A	49	0	53	10
2857140	C	T	54	0	50	3
4149358	C	T	57	0	31	9
6108425	G	A	56	0	49	14
6287040	C	T	62	0	39	7
6309595	G	A	42	0	53	9
11062042	T	C	64	0	52	5
11145953	A	C	61	0	46	8
11951633	C	T	56	0	39	10
15801874	T	C	55	0	49	8
16020809	T	C	52	0	38	6
16566934	T	G	65	0	58	10
16572678	C	A	76	0	35	8
16693710	G	A	63	0	53	6
16747377	C	T	138	0	126	8
16881046	T	A	50	0	40	9
17288242	G	T	65	0	43	6
18707142	T	A	72	0	63	8
20283134	A	T	56	0	59	9
20918547	C	T	60	0	49	9
22167516	C	T	101	0	100	6
23307238	A	T	56	0	49	12
23348187	T	A	58	0	51	18
25595430	A	C	83	0	66	15
25996272	G	A	50	0	49	19
26622485	C	T	57	0	44	27
27641044	G	A	64	0	53	16
27648589	T	C	59	0	55	14
27693488	G	C	69	0	48	3
28383427	G	T	60	0	49	15
34360871	C	A	65	0	61	22
34673235	C	T	70	0	48	4
34943752	T	A	62	0	57	7
34961035	C	T	58	0	37	11
35773076	G	A	49	0	55	11
35977629	C	A	72	0	48	7
36049670	C	A	62	0	46	7
37101443	G	T	68	0	51	12
38637666	T	C	55	0	49	17
39591764	C	G	78	0	78	6
40220833	G	T	62	0	49	12
40795381	C	A	59	0	47	16
43161464	G	C	61	0	58	16
44301125	A	G	71	0	47	23
45204716	G	A	67	0	55	8
46517198	G	A	68	0	42	14
48564780	C	A	81	0	63	10
50022972	G	A	51	0	56	5
50024994	A	C	67	0	50	10
52114369	A	T	52	0	67	3
52761885	A	C	65	0	60	18
54764848	A	G	59	0	53	23
57056756	C	T	55	0	63	9
61263719	A	G	64	0	60	7
64932180	G	A	54	0	47	7
67061162	G	T	52	0	42	11
67714987	T	C	49	0	64	23
68801174	A	G	67	0	59	6
68987724	T	C	62	0	55	14
69125785	T	G	59	0	46	21
69326830	G	T	76	0	49	13
69565947	G	A	66	0	49	7
70541027	G	A	64	0	57	12
70564107	G	A	80	0	60	9
73848527	C	T	58	0	48	21
74699534	C	T	67	0	49	7
75641754	C	T	72	0	52	7
76488200	C	A	58	0	46	21
76546575	C	T	59	0	53	10
76966781	C	T	61	0	56	10
77019338	C	A	59	0	56	7
78881941	G	T	63	0	48	21
79716326	C	T	55	0	52	12
80331848	G	T	66	0	61	7
80513240	C	A	72	0	59	12
80736480	C	T	61	0	49	16
80786722	A	C	66	0	37	21
81288297	G	T	63	0	38	16
81537097	T	C	61	0	39	20
81552786	G	A	54	0	41	19
82628757	C	A	52	0	45	21
83245388	G	A	60	0	29	23
85333330	G	A	56	0	47	9
85892082	C	G	69	0	60	7
85995546	C	T	54	0	54	5
86035502	G	A	64	0	52	8
86282044	G	A	50	0	42	11
87204053	T	A	70	0	48	5
87508765	C	T	65	0	43	11
88128357	G	A	68	0	54	5
90680557	A	G	61	0	55	7
91628474	G	T	69	0	48	16
91853636	G	T	62	0	54	14
93058503	T	C	56	0	38	15
93192515	C	T	48	0	48	5
99011105	C	A	50	0	50	12
100184452	C	T	65	0	65	9
100463993	T	A	85	0	43	15
101857031	G	A	58	0	67	13
102097505	G	A	55	0	52	9
102857617	G	A	71	0	54	11
103196714	T	A	57	0	49	10
104157232	G	A	66	0	51	21
104690287	G	C	60	0	51	13
105978620	C	A	66	0	40	20
105978717	T	A	66	0	38	9
106338353	T	C	58	0	52	6
106769684	C	T	44	0	44	18
107469364	A	T	63	0	45	16
108596533	A	T	122	0	89	15
109570824	T	A	51	0	67	8
110511338	C	A	63	0	60	6
111818919	G	C	56	0	57	16
113124500	C	T	58	0	62	14
114582686	G	A	56	0	44	16
116450610	C	G	65	0	57	8
117353413	C	A	50	0	60	21
117907374	A	C	85	0	37	7
118738158	G	A	48	0	55	17
119095912	G	A	59	0	40	14
119680923	C	A	51	0	51	8
120687577	G	A	69	0	83	7
121043647	T	G	58	0	40	4
142381526	G	A	60	0	50	9
142794820	C	T	66	0	40	14
143675731	T	A	77	0	52	19
143917639	C	A	65	0	59	7
144526663	G	A	110	0	93	14
147122486	A	G	70	0	71	14
148202120	C	T	55	0	50	15
148553915	G	T	49	0	64	10
148815709	G	A	59	0	62	7
150715850	C	T	55	0	51	4
150832478	A	T	63	0	50	8
151157835	G	A	66	0	44	7
152075363	G	T	80	0	64	7
153140293	G	A	76	0	64	16
155503003	T	G	73	0	52	8
155536803	A	G	71	0	53	22
155970715	C	A	64	0	54	13
156322594	C	T	54	0	66	9
156875325	G	T	62	0	41	8
157233036	A	G	73	0	42	9
157299085	G	T	61	0	59	7
157638211	G	A	58	0	56	12
157702543	G	T	65	0	50	17
157791587	G	A	56	0	45	15
158566531	G	A	53	0	52	6
162242705	G	A	49	0	40	16
163130056	A	T	62	0	50	12
164491278	A	C	68	0	48	15
166102629	G	A	46	0	50	22
166692941	T	C	71	0	62	10
167123359	G	A	55	0	54	12
167234140	G	A	62	0	53	5
168217387	T	C	62	0	53	9
169162280	G	T	68	0	48	18
169927447	C	A	51	0	42	11
169985347	T	A	64	0	66	12
171582026	C	T	60	0	54	14
175085672	C	G	59	0	42	14
175336025	G	T	63	0	51	10
175401939	C	A	57	0	50	7
177778917	G	T	48	0	49	16
178207649	A	G	56	0	48	18
178820143	G	T	61	0	64	6
179749509	C	T	56	0	57	9
183811768	C	A	66	0	49	16
184353000	G	T	50	0	46	13
185053557	C	A	79	0	53	15
185719178	G	T	59	0	46	21
187146295	G	A	65	0	64	4
187756887	C	A	53	0	38	18
187829553	G	T	67	0	43	9
188429027	G	T	60	0	43	18
188480588	T	A	62	0	44	3
189305807	A	T	48	0	39	8
190355205	C	T	65	0	53	10
191281109	G	C	66	0	55	12
192068898	C	T	52	0	42	18
193369326	A	T	65	0	51	8
193824454	G	A	59	0	66	15
193832389	G	A	78	0	46	7
194283680	C	A	63	0	48	11
194408792	G	A	72	0	40	16
195890907	A	G	62	0	45	17
198560885	G	A	76	0	45	27
198825382	A	T	62	0	36	17
199032422	G	T	55	0	63	11
202892791	C	T	65	0	66	4
203126329	C	T	66	0	55	12
204612951	T	C	49	0	39	15
205580821	G	T	65	0	60	10
207908397	A	C	69	0	47	23
209512576	A	T	64	0	52	10
209578956	C	A	59	0	49	24
209640918	A	G	57	0	50	4
210134563	G	T	62	0	50	14
212942050	C	T	63	0	46	13
212974570	G	A	59	0	55	21
213010451	C	T	69	0	54	16
213169665	G	T	65	0	58	3
214380812	G	A	66	0	55	7
216606251	T	G	65	0	56	11
216766508	G	A	73	0	46	14
217341205	C	T	60	0	58	19
217838490	C	T	59	0	57	6
220174184	A	C	72	0	53	9
220376764	C	A	67	0	40	19
220506775	C	A	68	0	59	9
220981874	T	C	60	0	48	5
221291237	G	T	67	0	54	11
222407994	C	T	62	0	53	10
222628108	A	G	60	0	46	18
224033479	A	T	63	0	51	13
224096985	G	T	65	0	37	15
224909331	C	T	51	0	54	6
226723494	G	A	68	0	36	7
227462545	G	A	57	0	43	6
227771686	G	C	58	0	40	11
228460639	C	T	62	0	39	6
228725421	G	A	65	0	57	6
228807248	A	G	72	0	50	12
229631643	T	G	57	0	48	6
230767218	C	A	59	0	43	6
231209767	G	C	64	0	38	12
233310408	G	A	61	0	34	5
233453056	A	C	73	0	49	8
233696185	C	T	48	0	43	9
233974826	A	G	47	0	34	9
235397978	G	T	74	0	53	9
235802533	C	T	61	0	50	8
236106926	G	A	50	0	43	6
236120219	T	G	65	0	51	5
236169729	G	A	53	0	38	6
236255982	G	A	66	0	51	5
236295183	C	T	66	0	40	10
237076758	G	T	61	0	44	12
239001984	G	T	69	0	58	6
239327918	T	G	61	0	56	10
239476791	G	T	74	0	46	14
239576237	C	T	64	0	37	8
240109943	G	A	74	0	44	9
240570790	T	G	77	0	47	5
241189455	G	A	65	0	37	3
242388314	C	T	52	0	46	12
242581980	G	A	60	0	42	10
245225763	G	A	54	0	31	5
