#pos	ref	alt	a_N	b_N	a_T	b_T
558867	T	C	67	0	30	10
559737	C	T	62	0	34	24
4149358	C	T	81	0	31	22
6108425	G	A	63	0	36	21
6287040	C	T	44	0	28	27
11145953	A	C	60	0	36	16
11951633	C	T	60	0	32	19
16020809	T	C	54	0	35	22
16693710	G	A	60	0	48	12
16881046	T	A	63	0	47	23
20918547	C	T	50	0	34	26
23348187	T	A	62	0	58	21
25595430	A	C	80	0	50	22
25996272	G	A	61	0	41	22
26622485	C	T	60	0	39	17
27641044	G	A	62	0	27	26
27648589	T	C	63	0	32	26
34360871	C	A	60	0	30	36
34961035	C	T	57	0	28	18
37101443	G	T	58	0	31	35
38637666	T	C	72	0	26	20
40220833	G	T	67	0	38	20
40795381	C	A	68	0	34	22
44301125	A	G	62	0	39	29
46517198	G	A	65	0	34	36
52761885	A	C	55	0	51	19
54764848	A	G	83	0	41	20
67061162	G	T	63	0	41	23
67714987	T	C	67	0	41	20
68987724	T	C	75	0	38	23
69125785	T	G	61	0	30	28
70541027	G	A	70	0	34	20
73848527	C	T	56	0	36	31
76488200	C	A	58	0	32	22
78881941	G	T	60	0	37	32
80736480	C	T	65	0	31	21
80786722	A	C	54	0	42	26
81288297	G	T	53	0	39	26
81537097	T	C	72	0	34	28
81552786	G	A	62	0	47	21
82628757	C	A	61	0	36	36
83245388	G	A	63	0	43	21
86282044	G	A	71	0	38	21
87508765	C	T	59	0	33	30
91628474	G	T	56	0	33	17
93058503	T	C	69	0	38	15
99011105	C	A	60	0	41	26
100463993	T	A	67	0	41	26
104157232	G	A	72	0	37	25
105978620	C	A	69	0	42	22
105978717	T	A	46	0	26	23
106769684	C	T	70	0	30	31
107469364	A	T	66	0	39	25
108596533	A	T	134	0	87	27
111818919	G	C	39	0	41	27
114582686	G	A	55	0	45	29
117353413	C	A	61	0	45	26
119095912	G	A	76	0	29	41
119680923	C	A	55	0	46	26
120687577	G	A	79	0	67	8
121043647	T	G	56	0	46	5
142381526	G	A	58	0	39	4
142794820	C	T	67	0	48	12
143675731	T	A	75	0	56	19
143917639	C	A	81	0	66	12
144526663	G	A	109	0	108	9
146634904	C	G	65	0	80	3
147122486	A	G	50	0	45	11
148202120	C	T	73	0	59	18
148553915	G	T	55	0	49	10
148815709	G	A	61	0	54	13
150715850	C	T	54	0	43	10
150832478	A	T	63	0	50	13
151157835	G	A	61	0	53	12
152075363	G	T	55	0	43	6
153140293	G	A	56	0	49	17
155503003	T	G	65	0	44	7
155536803	A	G	64	0	49	19
155970715	C	A	78	0	55	10
156322594	C	T	55	0	49	15
156875325	G	T	65	0	44	13
157233036	A	G	57	0	57	13
157299085	G	T	50	0	45	13
157638211	G	A	52	0	44	12
157702543	G	T	47	0	64	11
157791587	G	A	72	0	52	17
158566531	G	A	48	0	59	17
162242705	G	A	63	0	44	17
163130056	A	T	68	0	55	5
164491278	A	C	53	0	55	10
166102629	G	A	58	0	43	15
166692941	T	C	50	0	37	10
167123359	G	A	65	0	47	20
167234140	G	A	58	0	51	15
168217387	T	C	75	0	49	16
169162280	G	T	69	0	51	5
169927447	C	A	54	0	52	9
169985347	T	A	70	0	38	11
171582026	C	T	58	0	53	11
175085672	C	G	60	0	44	11
175336025	G	T	56	0	59	10
175401939	C	A	68	0	36	19
177778917	G	T	60	0	66	13
178207649	A	G	55	0	43	10
178820143	G	T	54	0	61	7
179749509	C	T	58	0	49	18
183811768	C	A	51	0	54	15
184353000	G	T	65	0	45	13
185053557	C	A	62	0	36	14
185719178	G	T	71	0	54	14
187146295	G	A	65	0	59	15
187756887	C	A	52	0	45	18
187829553	G	T	50	0	49	12
188429027	G	T	55	0	89	14
188480588	T	A	63	0	50	37
189305807	A	T	63	0	63	11
190355205	C	T	58	0	49	12
191281109	G	C	63	0	60	10
192068898	C	T	65	0	51	12
193369326	A	T	58	0	53	11
193824454	G	A	61	0	43	11
193832389	G	A	70	0	47	7
194283680	C	A	60	0	46	6
194408792	G	A	56	0	60	15
195890907	A	G	72	0	45	12
198560885	G	A	48	0	53	11
198825382	A	T	54	0	55	19
199032422	G	T	41	0	48	12
202892791	C	T	53	0	41	14
203126329	C	T	68	0	43	17
204612951	T	C	56	0	29	10
205580821	G	T	56	0	51	9
207908397	A	C	43	0	54	14
209512576	A	T	65	0	45	10
209578956	C	A	58	0	61	12
209640918	A	G	61	0	47	9
210134563	G	T	55	0	34	15
212942050	C	T	71	0	57	8
212974570	G	A	57	0	49	17
213010451	C	T	61	0	50	12
214380812	G	A	67	0	52	12
216606251	T	G	55	0	50	13
216766508	G	A	64	0	61	13
217341205	C	T	64	0	58	15
217838490	C	T	53	0	50	14
220174184	A	C	76	0	51	9
220376764	C	A	60	0	51	18
220506775	C	A	58	0	57	6
220981874	T	C	63	0	53	15
221143213	C	T	65	0	72	5
221291237	G	T	69	0	57	15
222407994	C	T	48	0	51	47
222628108	A	G	51	0	85	10
224033479	A	T	69	0	42	11
224096985	G	T	68	0	47	13
224909331	C	T	70	0	38	9
226723494	G	A	71	0	34	20
227462545	G	A	46	0	49	9
227771686	G	C	67	0	50	11
228460639	C	T	58	0	64	11
228725421	G	A	58	0	61	10
228807248	A	G	69	0	38	13
229631643	T	G	54	0	48	12
230767218	C	A	56	0	51	10
231209767	G	C	60	0	46	13
233310408	G	A	61	0	58	13
233453056	A	C	67	0	56	17
233696185	C	T	76	0	55	9
233974826	A	G	70	0	41	6
235397978	G	T	52	0	43	21
235802533	C	T	70	0	56	14
236106926	G	A	67	0	53	13
236120219	T	G	54	0	52	14
236169729	G	A	47	0	41	8
236255982	G	A	62	0	55	19
236295183	C	T	76	0	41	12
237076758	G	T	67	0	55	12
239001984	G	T	59	0	42	11
239327918	T	G	73	0	56	8
239476791	G	T	73	0	57	14
239576237	C	T	53	0	39	10
240109943	G	A	53	0	53	10
240570790	T	G	61	0	57	14
241189455	G	A	64	0	51	15
242388314	C	T	62	0	52	8
242581980	G	A	64	0	47	15
244695806	C	T	62	0	55	13
245225763	G	A	60	0	37	15
245685822	C	A	55	0	40	12
