#pos	ref	alt	a_N	b_N	a_T	b_T
150	C	T	64	0	49	11
556779	A	G	68	0	46	10
558867	T	C	76	0	42	10
559737	C	T	64	0	28	11
1486324	G	A	66	0	40	8
2857140	C	T	64	0	41	7
4149358	C	T	66	0	40	13
6108425	G	A	62	0	34	5
6287040	C	T	67	0	49	9
6309595	G	A	60	0	39	11
11062042	T	C	66	0	50	12
11145953	A	C	67	0	38	7
11951633	C	T	70	0	41	16
15801874	T	C	51	1	31	7
16020809	T	C	60	0	39	14
16566934	T	G	45	0	36	13
16572678	C	A	68	0	36	13
16693710	G	A	68	0	34	11
16747377	C	T	144	0	132	8
16881046	T	A	73	0	59	8
17288242	G	T	62	0	53	16
18707142	T	A	62	0	45	8
20283134	A	T	61	0	37	12
20918547	C	T	63	0	42	11
22167516	C	T	105	0	83	8
23307238	A	T	53	0	35	9
23348187	T	A	60	0	39	9
25595430	A	C	73	0	41	13
25996272	G	A	69	0	48	8
26622485	C	T	45	0	30	8
27641044	G	A	77	0	51	13
27648589	T	C	51	0	61	12
27693488	G	C	52	0	46	10
27910482	C	T	66	0	40	13
28383427	G	T	58	0	52	14
34360871	C	A	61	0	48	14
34673235	C	T	62	0	41	11
34943752	T	A	60	0	41	7
34961035	C	T	73	0	41	15
35773076	G	A	54	0	49	5
35977629	C	A	56	0	48	9
36049670	C	A	55	0	56	12
37101443	G	T	64	0	46	23
38637666	T	C	54	0	41	20
39591764	C	G	64	0	64	10
40220833	G	T	56	0	42	18
40795381	C	A	79	0	45	19
43161464	G	C	62	0	68	13
44301125	A	G	74	0	41	17
45204716	G	A	62	0	54	8
46517198	G	A	43	0	41	14
48564780	C	A	49	0	40	16
50022972	G	A	61	0	57	9
50024994	A	C	59	0	54	7
52114369	A	T	54	0	36	10
52761885	A	C	66	0	48	17
54764848	A	G	58	0	49	28
57056756	C	T	65	0	60	9
61263719	A	G	74	0	51	23
64932180	G	A	60	0	44	13
67061162	G	T	49	0	47	19
67714987	T	C	57	0	47	29
68801174	A	G	73	0	57	10
68987724	T	C	44	0	40	18
69125785	T	G	52	0	49	19
69326830	G	T	61	0	59	11
69565947	G	A	62	0	57	18
70541027	G	A	64	0	37	21
70564107	G	A	61	0	46	9
73848527	C	T	45	0	50	18
74699534	C	T	66	0	64	8
75641754	C	T	61	0	67	6
76488200	C	A	58	0	47	23
76546575	C	T	65	0	70	8
76966781	C	T	61	0	68	15
77019338	C	A	71	0	53	16
78881941	G	T	69	0	47	15
79716326	C	T	61	0	58	10
80331848	G	T	62	0	51	15
80513240	C	A	76	0	48	9
80736480	C	T	50	0	53	23
80786722	A	C	52	0	49	19
81288297	G	T	65	0	35	24
81537097	T	C	56	0	43	32
81552786	G	A	54	0	45	18
82628757	C	A	69	0	44	28
83245388	G	A	67	0	40	19
85333330	G	A	46	0	63	11
85892082	C	G	67	0	63	9
85995546	C	T	70	0	45	12
86035502	G	A	53	0	53	7
86282044	G	A	71	0	51	26
87204053	T	A	54	0	50	10
87508765	C	T	54	0	39	12
88128357	G	A	56	0	49	9
90680557	A	G	63	0	55	8
91628474	G	T	65	0	43	18
91853636	G	T	61	0	55	8
93058503	T	C	58	0	44	23
93192515	C	T	66	0	56	8
99011105	C	A	65	0	37	23
100184452	C	T	73	0	66	15
100463993	T	A	64	0	51	20
101857031	G	A	64	0	43	11
102097505	G	A	61	0	48	10
102857617	G	A	64	0	48	9
103196714	T	A	64	0	62	10
104157232	G	A	56	0	44	31
104690287	G	C	51	0	58	10
105978620	C	A	60	0	44	18
105978717	T	A	54	0	39	27
106338353	T	C	70	0	50	14
106769684	C	T	46	0	47	26
107469364	A	T	61	0	50	39
108596533	A	T	115	0	98	18
109570824	T	A	65	0	44	7
110511338	C	A	64	0	61	18
111818919	G	C	70	0	37	22
113124500	C	T	56	0	57	12
114582686	G	A	56	0	53	19
116450610	C	G	51	0	50	15
116758424	C	T	62	0	54	13
117353413	C	A	49	0	44	19
117907374	A	C	68	0	58	14
118738158	G	A	60	0	60	8
119095912	G	A	48	0	59	26
119680923	C	A	56	0	45	15
120687577	G	A	87	0	67	10
121043647	T	G	49	0	39	8
142381526	G	A	70	0	44	10
142794820	C	T	61	0	46	10
143675731	T	A	70	0	62	19
143917639	C	A	72	0	63	19
144526663	G	A	117	0	84	21
146634904	C	G	91	0	69	9
147122486	A	G	66	0	63	8
148202120	C	T	64	0	44	25
148553915	G	T	64	0	55	10
148815709	G	A	68	0	64	10
150715850	C	T	60	0	53	5
150832478	A	T	63	0	66	5
151157835	G	A	53	0	57	10
152075363	G	T	71	0	61	12
153140293	G	A	63	0	52	7
155503003	T	G	57	0	64	10
155536803	A	G	60	0	48	24
155970715	C	A	71	0	60	13
156322594	C	T	74	0	55	13
156875325	G	T	61	0	56	14
157233036	A	G	53	0	62	6
157299085	G	T	62	0	57	15
157638211	G	A	46	0	39	14
157702543	G	T	54	0	45	23
157791587	G	A	70	0	42	25
158566531	G	A	60	0	47	7
162242705	G	A	64	0	55	23
163130056	A	T	73	0	53	29
164491278	A	C	58	0	48	27
166102629	G	A	52	0	51	22
166692941	T	C	74	0	64	11
167123359	G	A	73	0	57	10
167234140	G	A	69	0	55	9
168217387	T	C	72	0	53	9
169162280	G	T	58	0	47	19
169927447	C	A	54	0	31	13
169985347	T	A	40	0	59	14
171582026	C	T	61	0	58	12
175085672	C	G	56	0	38	18
175336025	G	T	68	0	49	11
175401939	C	A	60	0	57	12
177778917	G	T	60	0	43	27
178207649	A	G	66	0	39	22
178820143	G	T	63	0	68	11
179749509	C	T	64	0	48	11
183811768	C	A	78	0	50	13
184353000	G	T	81	0	43	22
185053557	C	A	65	0	32	27
185719178	G	T	50	0	37	23
187146295	G	A	70	0	53	5
187756887	C	A	55	0	33	22
187829553	G	T	71	0	56	7
188429027	G	T	65	0	48	28
188480588	T	A	60	0	61	12
189305807	A	T	74	0	32	18
190355205	C	T	55	0	57	10
191281109	G	C	57	0	57	16
192068898	C	T	66	0	49	17
193369326	A	T	59	0	50	20
193824454	G	A	75	0	43	20
193832389	G	A	48	0	41	21
194283680	C	A	63	0	52	12
194408792	G	A	49	0	36	19
195890907	A	G	61	0	44	24
198560885	G	A	49	0	44	21
198825382	A	T	63	0	51	27
199032422	G	T	68	0	47	23
202892791	C	T	57	0	65	18
203126329	C	T	55	0	57	13
204612951	T	C	48	0	37	16
205580821	G	T	72	0	52	15
207908397	A	C	69	0	52	23
209512576	A	T	38	0	53	12
209578956	C	A	51	0	44	21
209640918	A	G	69	0	48	16
210134563	G	T	64	0	49	20
212942050	C	T	49	0	49	10
212974570	G	A	60	0	42	20
213010451	C	T	56	0	45	26
214380812	G	A	60	0	58	15
216606251	T	G	59	0	54	6
216766508	G	A	90	0	43	24
217341205	C	T	59	0	48	20
217838490	C	T	64	0	54	11
220174184	A	C	64	0	51	9
220376764	C	A	64	0	48	19
220506775	C	A	61	0	49	6
220981874	T	C	67	0	51	8
221291237	G	T	58	0	46	5
222407994	C	T	56	0	43	10
222628108	A	G	50	0	45	15
224033479	A	T	59	0	33	11
224096985	G	T	61	0	38	11
224909331	C	T	64	0	44	11
226723494	G	A	67	0	35	12
227462545	G	A	65	0	38	15
227771686	G	C	43	0	30	9
228807248	A	G	70	0	42	13
233310408	G	A	71	0	36	14
233974826	A	G	61	0	36	12
235397978	G	T	46	0	30	11
236106926	G	A	55	0	29	14
236120219	T	G	55	0	40	11
236169729	G	A	55	0	28	10
236255982	G	A	64	0	26	8
236295183	C	T	54	0	23	15
239001984	G	T	61	0	33	12
240109943	G	A	71	0	34	10
241189455	G	A	57	0	38	5
242581980	G	A	69	0	29	11
245225763	G	A	60	0	23	11
