#pos	ref	alt	a_N	b_N	a_T	b_T
558867	T	C	69	0	14	48
559737	C	T	65	0	14	49
4149358	C	T	73	0	8	55
6108425	G	A	69	0	8	41
6287040	C	T	70	0	13	54
11145953	A	C	52	0	15	48
11951633	C	T	64	0	13	51
16020809	T	C	64	0	8	52
16693710	G	A	77	0	15	58
16881046	T	A	85	0	20	38
20918547	C	T	58	0	11	51
23348187	T	A	59	0	17	51
25595430	A	C	59	0	25	58
25996272	G	A	76	0	18	53
26622485	C	T	63	0	18	44
27641044	G	A	73	0	15	55
27648589	T	C	61	0	11	48
34360871	C	A	59	0	8	38
34961035	C	T	55	0	9	49
37101443	G	T	58	0	13	44
38637666	T	C	74	0	11	39
40220833	G	T	60	0	16	47
40795381	C	A	56	0	9	41
44301125	A	G	60	0	13	52
46517198	G	A	53	0	12	46
52761885	A	C	79	0	13	48
54764848	A	G	59	0	12	43
67061162	G	T	50	0	8	44
67714987	T	C	53	0	24	57
68987724	T	C	69	0	17	50
69125785	T	G	70	0	17	57
70541027	G	A	77	0	10	44
73848527	C	T	49	0	12	51
76488200	C	A	61	0	18	56
78881941	G	T	63	0	7	47
80736480	C	T	66	0	15	40
80786722	A	C	65	0	14	48
81288297	G	T	70	0	12	52
81537097	T	C	65	0	11	54
81552786	G	A	72	0	12	41
82628757	C	A	70	0	15	43
83245388	G	A	62	0	12	56
86282044	G	A	64	0	10	50
87508765	C	T	61	0	9	53
91628474	G	T	71	0	10	56
93058503	T	C	65	0	14	43
99011105	C	A	72	0	9	50
100463993	T	A	64	0	9	40
104157232	G	A	60	0	20	48
105978620	C	A	70	0	17	46
105978717	T	A	59	0	13	52
106769684	C	T	64	0	14	48
107469364	A	T	64	0	15	51
108596533	A	T	108	0	69	45
111818919	G	C	64	0	9	49
114582686	G	A	51	0	12	49
117353413	C	A	58	0	13	47
119095912	G	A	53	0	10	104
119680923	C	A	66	0	11	53
120687577	G	A	72	0	61	18
121043647	T	G	46	0	37	4
142381526	G	A	51	0	30	12
142794820	C	T	48	0	34	24
143675731	T	A	71	0	43	26
143917639	C	A	77	0	50	18
144526663	G	A	88	1	76	24
146634904	C	G	90	0	66	8
147122486	A	G	64	0	49	25
148202120	C	T	66	0	30	23
148553915	G	T	66	0	39	22
148815709	G	A	64	0	45	24
150715850	C	T	57	0	38	24
150832478	A	T	52	0	43	27
151157835	G	A	50	0	37	14
152075363	G	T	72	0	32	27
153140293	G	A	59	0	32	22
155503003	T	G	58	0	36	32
155536803	A	G	75	0	35	28
155970715	C	A	64	0	47	20
156322594	C	T	66	0	36	26
156875325	G	T	63	0	31	28
157233036	A	G	57	0	43	37
157299085	G	T	69	0	34	41
157638211	G	A	66	0	27	26
157702543	G	T	52	0	38	20
157791587	G	A	52	0	32	25
158566531	G	A	56	0	37	13
162242705	G	A	59	0	41	36
163130056	A	T	68	0	34	31
164491278	A	C	58	0	25	34
166102629	G	A	59	0	37	22
166692941	T	C	62	0	30	25
167123359	G	A	67	0	44	23
167234140	G	A	50	0	38	23
168217387	T	C	63	0	32	23
169162280	G	T	65	0	43	21
169927447	C	A	61	0	36	18
169985347	T	A	77	0	34	27
171582026	C	T	60	0	35	21
175085672	C	G	61	0	31	16
175336025	G	T	50	0	40	25
175401939	C	A	63	0	27	28
177778917	G	T	60	0	31	19
178207649	A	G	73	0	34	22
178820143	G	T	58	0	37	30
179749509	C	T	65	0	38	26
183811768	C	A	82	0	47	21
184353000	G	T	58	0	29	19
185053557	C	A	52	0	39	22
185719178	G	T	68	0	41	25
187146295	G	A	70	0	26	21
187756887	C	A	59	0	23	27
187829553	G	T	78	0	40	35
188429027	G	T	65	0	112	23
188480588	T	A	51	0	39	92
189305807	A	T	66	0	46	16
190355205	C	T	80	0	35	21
191281109	G	C	75	0	30	26
192068898	C	T	56	0	36	19
193369326	A	T	57	0	37	21
193824454	G	A	72	0	34	21
193832389	G	A	62	0	45	25
194283680	C	A	71	0	43	25
194408792	G	A	54	0	44	23
195890907	A	G	52	0	37	28
198560885	G	A	69	0	35	32
198825382	A	T	51	0	27	32
199032422	G	T	57	0	37	21
202892791	C	T	41	0	39	26
203126329	C	T	68	0	38	19
204612951	T	C	46	0	33	22
205580821	G	T	64	0	34	34
207908397	A	C	58	0	30	24
209512576	A	T	53	0	37	28
209578956	C	A	74	0	31	25
209640918	A	G	63	0	29	24
210134563	G	T	53	0	44	24
212942050	C	T	64	0	33	27
212974570	G	A	64	0	38	18
213010451	C	T	74	0	26	25
213169665	G	T	65	0	33	4
214380812	G	A	84	0	45	18
216606251	T	G	72	0	40	34
216766508	G	A	68	0	37	16
217341205	C	T	63	0	29	26
217838490	C	T	65	0	37	29
220174184	A	C	52	0	42	26
220376764	C	A	60	0	43	22
220506775	C	A	66	0	30	24
220981874	T	C	54	0	35	17
221143213	C	T	75	0	69	8
221291237	G	T	57	0	41	22
222407994	C	T	67	0	33	106
222628108	A	G	67	0	109	30
224033479	A	T	64	0	36	26
224096985	G	T	59	0	36	22
224909331	C	T	73	0	44	29
226723494	G	A	64	0	39	27
227462545	G	A	75	0	40	27
227771686	G	C	71	0	32	22
228460639	C	T	55	0	31	17
228725421	G	A	53	0	23	19
228807248	A	G	58	0	32	21
229631643	T	G	62	0	26	24
230767218	C	A	66	0	34	30
231209767	G	C	65	0	25	33
233310408	G	A	65	0	35	17
233453056	A	C	62	0	32	32
233696185	C	T	66	0	52	21
233974826	A	G	69	0	21	32
235397978	G	T	70	0	36	21
235802533	C	T	76	0	46	33
236106926	G	A	72	0	35	27
236120219	T	G	62	0	37	23
236169729	G	A	57	0	36	25
236255982	G	A	55	0	35	23
236295183	C	T	63	0	38	28
237076758	G	T	64	0	37	25
239001984	G	T	58	0	31	27
239327918	T	G	55	0	37	27
239476791	G	T	62	0	30	22
239576237	C	T	63	0	59	20
240109943	G	A	59	0	36	30
240570790	T	G	77	0	40	23
241189455	G	A	65	0	51	23
242388314	C	T	60	0	32	19
242581980	G	A	59	0	35	23
244695806	C	T	61	0	37	36
245225763	G	A	62	0	49	31
245685822	C	A	48	0	27	30
