#pos	ref	alt	a_N	b_N	a_T	b_T
150	C	T	58	0	9	33
556779	A	G	62	0	6	41
1486324	G	A	75	0	8	36
2857140	C	T	55	0	10	26
6309595	G	A	65	0	4	35
11062042	T	C	55	0	12	39
15801874	T	C	65	0	11	27
16566934	T	G	67	0	8	28
16572678	C	A	58	0	2	41
16747377	C	T	158	0	64	36
17288242	G	T	59	0	10	32
18707142	T	A	66	0	10	39
20283134	A	T	58	0	8	46
22167516	C	T	88	0	39	35
23307238	A	T	63	0	7	36
27693488	G	C	61	0	4	36
27910482	C	T	79	0	4	35
28383427	G	T	66	0	15	40
34673235	C	T	68	0	6	41
34943752	T	A	61	0	11	33
35773076	G	A	64	0	7	49
35977629	C	A	53	0	9	46
36049670	C	A	62	0	8	34
38637666	T	C	51	0	65	33
39591764	C	G	66	0	46	47
40220833	G	T	66	0	62	47
40795381	C	A	61	0	41	40
43161464	G	C	46	0	37	34
44301125	A	G	62	0	39	41
45204716	G	A	57	0	42	46
46517198	G	A	49	0	39	45
48564780	C	A	55	0	43	36
50022972	G	A	58	0	44	31
50024994	A	C	50	0	47	30
52114369	A	T	70	0	47	51
52761885	A	C	64	0	43	41
54764848	A	G	69	0	48	38
57056756	C	T	63	0	6	44
61263719	A	G	77	0	7	40
64932180	G	A	57	0	15	37
68801174	A	G	57	0	7	45
69326830	G	T	51	0	15	39
69565947	G	A	48	0	10	44
70564107	G	A	61	0	8	41
74699534	C	T	74	0	38	29
75641754	C	T	62	0	53	39
76488200	C	A	84	0	51	38
76546575	C	T	57	0	46	43
76966781	C	T	59	0	55	38
77019338	C	A	59	0	33	42
78881941	G	T	66	0	52	32
79716326	C	T	69	0	46	50
80331848	G	T	57	0	43	37
80513240	C	A	79	0	52	39
80736480	C	T	63	0	34	42
80786722	A	C	62	0	47	40
81288297	G	T	57	0	42	36
81537097	T	C	64	0	52	35
81552786	G	A	58	0	41	38
82628757	C	A	48	0	58	44
83245388	G	A	66	0	45	42
85333330	G	A	59	0	38	44
85892082	C	G	55	0	43	40
85995546	C	T	59	0	42	37
86035502	G	A	57	0	36	41
86282044	G	A	66	0	48	33
87204053	T	A	79	0	47	33
87508765	C	T	66	0	43	31
88128357	G	A	60	0	36	49
90680557	A	G	67	0	48	36
91628474	G	T	60	0	44	45
91853636	G	T	56	0	50	37
93058503	T	C	56	0	49	36
93192515	C	T	53	0	58	38
99011105	C	A	63	0	44	50
100184452	C	T	59	0	48	32
100463993	T	A	63	0	61	48
101857031	G	A	62	0	34	39
102097505	G	A	55	0	55	34
102857617	G	A	57	0	5	47
103196714	T	A	70	0	10	34
104690287	G	C	57	0	12	43
106338353	T	C	63	0	5	29
109570824	T	A	70	0	15	36
110511338	C	A	68	0	14	33
113124500	C	T	59	0	7	44
116450610	C	G	54	0	9	37
116758424	C	T	64	0	5	49
117907374	A	C	71	0	10	39
118738158	G	A	59	0	12	37
120687577	G	A	78	0	20	38
147122486	A	G	72	0	14	41
148202120	C	T	67	0	50	37
148553915	G	T	57	0	38	45
148815709	G	A	61	0	54	34
150715850	C	T	63	0	48	43
150832478	A	T	79	0	55	32
151157835	G	A	71	0	58	36
152075363	G	T	55	0	36	46
153140293	G	A	72	0	47	48
155503003	T	G	70	0	57	36
155536803	A	G	74	0	41	25
155970715	C	A	62	0	47	44
156322594	C	T	60	0	59	34
156875325	G	T	53	0	48	48
157233036	A	G	66	0	42	46
157299085	G	T	55	0	60	47
157638211	G	A	59	0	43	28
157702543	G	T	61	0	52	40
157791587	G	A	55	0	41	40
158566531	G	A	58	0	57	34
162242705	G	A	61	0	51	34
163130056	A	T	64	0	59	39
164491278	A	C	50	0	37	48
166102629	G	A	52	0	48	36
166692941	T	C	65	0	33	30
167123359	G	A	62	0	48	35
167234140	G	A	85	0	43	30
168217387	T	C	45	0	59	44
169162280	G	T	68	0	47	40
169927447	C	A	67	0	48	26
169985347	T	A	46	0	55	29
171582026	C	T	56	0	54	44
175336025	G	T	56	0	6	34
175401939	C	A	48	0	9	31
178820143	G	T	71	0	9	36
179749509	C	T	59	0	7	40
187146295	G	A	53	0	7	38
187829553	G	T	60	0	4	44
188480588	T	A	51	0	6	52
190355205	C	T	75	0	8	46
191281109	G	C	69	0	17	48
193369326	A	T	54	0	12	35
194283680	C	A	70	0	7	34
202892791	C	T	59	0	7	42
203126329	C	T	59	0	5	52
205580821	G	T	61	0	8	36
207908397	A	C	67	0	49	35
209512576	A	T	66	0	50	28
209578956	C	A	63	0	45	43
209640918	A	G	64	0	43	40
210134563	G	T	63	0	50	36
212942050	C	T	68	0	50	39
212974570	G	A	71	0	45	42
213010451	C	T	63	0	57	41
213169665	G	T	63	0	44	6
214380812	G	A	60	0	46	43
216606251	T	G	51	0	42	46
216766508	G	A	62	0	46	49
217341205	C	T	54	0	59	40
217838490	C	T	67	0	48	44
220174184	A	C	76	0	34	36
220376764	C	A	61	0	50	35
220506775	C	A	65	0	57	35
220981874	T	C	66	0	49	44
221143213	C	T	72	0	64	10
221291237	G	T	68	0	47	32
222407994	C	T	69	0	56	38
222628108	A	G	60	0	54	34
224033479	A	T	65	0	42	34
224096985	G	T	69	0	46	44
224909331	C	T	65	0	39	36
226723494	G	A	71	0	45	26
228460639	C	T	71	0	13	43
228725421	G	A	61	0	5	33
229631643	T	G	52	0	7	22
230767218	C	A	63	0	8	35
231209767	G	C	63	0	8	34
233453056	A	C	58	0	12	37
233696185	C	T	64	0	9	32
235802533	C	T	73	0	10	41
237076758	G	T	55	0	10	40
239327918	T	G	71	0	9	47
239476791	G	T	55	0	9	41
239576237	C	T	69	0	9	31
240570790	T	G	72	0	3	41
242388314	C	T	64	0	8	47
244695806	C	T	62	0	9	43
245685822	C	A	57	0	13	48
