#pos	ref	alt	a_N	b_N	a_T	b_T
150	C	T	54	0	60	3
1486324	G	A	51	0	64	5
2857140	C	T	67	0	69	8
6309595	G	A	54	0	48	5
11062042	T	C	56	0	55	12
15801874	T	C	60	0	71	6
16020809	T	C	54	0	66	7
16566934	T	G	59	0	63	7
16572678	C	A	53	0	52	5
16693710	G	A	62	0	51	10
16747377	C	T	141	0	161	5
16881046	T	A	70	0	65	6
17288242	G	T	70	0	50	6
20283134	A	T	78	0	67	7
20918547	C	T	66	0	72	13
22167516	C	T	94	0	106	9
23307238	A	T	59	0	52	6
23348187	T	A	58	0	62	5
25595430	A	C	71	0	76	10
26622485	C	T	64	0	54	5
27641044	G	A	65	0	61	3
27648589	T	C	69	0	68	5
27693488	G	C	71	0	51	6
27910482	C	T	51	0	47	6
28383427	G	T	72	0	65	10
34360871	C	A	63	0	44	13
34673235	C	T	57	0	62	4
34961035	C	T	68	0	58	3
35773076	G	A	59	0	54	6
35977629	C	A	62	0	68	5
36049670	C	A	48	0	56	3
37101443	G	T	60	0	48	8
38637666	T	C	60	0	67	8
39591764	C	G	62	0	55	11
40220833	G	T	59	0	53	3
40795381	C	A	64	0	52	3
43161464	G	C	52	0	53	7
45204716	G	A	62	0	51	5
48564780	C	A	63	0	45	4
50022972	G	A	57	0	55	7
50024994	A	C	59	0	48	9
52114369	A	T	76	0	46	14
57056756	C	T	65	0	45	4
61263719	A	G	48	0	46	6
64932180	G	A	54	0	55	6
68801174	A	G	64	0	44	3
69326830	G	T	64	0	56	10
69565947	G	A	59	0	42	6
70564107	G	A	60	0	57	6
74699534	C	T	56	0	52	7
75641754	C	T	59	0	37	5
76546575	C	T	52	0	59	5
76966781	C	T	67	0	45	9
77019338	C	A	61	0	59	6
78881941	G	T	52	0	53	7
79716326	C	T	63	0	51	5
80331848	G	T	54	0	57	9
80513240	C	A	74	0	69	5
80736480	C	T	63	0	54	6
80786722	A	C	64	0	64	5
81288297	G	T	79	0	69	5
81537097	T	C	65	0	56	6
81552786	G	A	70	0	52	4
82628757	C	A	64	0	35	4
83245388	G	A	50	0	50	6
85333330	G	A	70	0	56	12
85892082	C	G	76	0	46	4
85995546	C	T	69	0	64	4
86035502	G	A	54	0	67	6
86282044	G	A	64	0	57	5
87204053	T	A	63	0	64	5
87508765	C	T	71	0	57	9
88128357	G	A	58	0	76	6
90680557	A	G	69	0	57	6
91628474	G	T	60	0	48	4
91853636	G	T	57	0	46	17
93058503	T	C	51	0	55	12
93192515	C	T	62	0	59	8
99011105	C	A	55	0	48	3
100184452	C	T	61	0	55	9
101857031	G	A	68	0	58	6
102857617	G	A	59	0	61	3
103196714	T	A	60	0	60	7
104690287	G	C	61	0	48	9
106338353	T	C	54	0	63	7
109570824	T	A	64	0	62	6
110511338	C	A	58	0	56	6
113124500	C	T	81	0	50	6
116450610	C	G	67	0	64	8
116758424	C	T	60	0	56	9
117907374	A	C	65	0	58	7
118738158	G	A	52	0	63	5
120687577	G	A	80	0	68	5
147122486	A	G	68	0	53	7
148553915	G	T	51	0	55	6
148815709	G	A	64	0	48	5
150715850	C	T	65	0	62	8
150832478	A	T	58	0	46	8
151157835	G	A	56	0	64	7
153140293	G	A	66	0	56	6
155503003	T	G	57	0	58	7
155970715	C	A	69	0	60	4
156322594	C	T	66	0	49	7
156875325	G	T	53	0	48	8
157233036	A	G	67	0	63	9
157299085	G	T	74	0	50	8
157638211	G	A	57	0	42	5
158566531	G	A	50	0	60	8
163130056	A	T	61	0	58	10
164491278	A	C	81	0	65	10
166102629	G	A	48	0	48	4
166692941	T	C	80	0	55	8
167123359	G	A	57	0	63	12
167234140	G	A	62	0	52	13
168217387	T	C	53	0	63	8
169162280	G	T	66	0	61	5
169927447	C	A	53	0	45	8
175085672	C	G	80	0	51	5
175401939	C	A	79	0	55	10
177778917	G	T	59	0	58	7
178207649	A	G	54	0	57	9
178820143	G	T	66	0	55	3
179749509	C	T	75	0	57	4
183811768	C	A	48	0	53	6
184353000	G	T	69	0	52	10
185053557	C	A	58	0	53	5
185719178	G	T	59	0	57	10
187146295	G	A	59	0	52	11
187756887	C	A	52	0	61	14
187829553	G	T	78	0	63	3
188429027	G	T	70	0	45	3
188480588	T	A	51	0	71	6
189305807	A	T	60	0	67	6
190355205	C	T	81	0	52	7
191281109	G	C	62	0	46	9
193369326	A	T	83	0	52	7
194283680	C	A	64	0	50	11
202892791	C	T	76	0	52	3
203126329	C	T	65	0	58	10
205580821	G	T	61	0	66	11
207908397	A	C	64	0	62	6
209512576	A	T	63	0	40	4
209578956	C	A	54	0	52	6
209640918	A	G	57	0	48	6
210134563	G	T	59	0	61	3
212942050	C	T	51	0	52	10
214380812	G	A	59	0	49	4
216606251	T	G	44	0	47	9
217838490	C	T	70	0	57	5
220174184	A	C	57	0	44	7
220506775	C	A	55	0	45	5
220981874	T	C	65	0	75	4
221291237	G	T	55	0	50	5
222407994	C	T	42	0	54	8
224033479	A	T	66	0	48	9
224909331	C	T	73	0	51	4
228460639	C	T	69	0	54	11
228725421	G	A	51	0	53	8
229631643	T	G	65	0	48	8
230767218	C	A	57	0	53	7
231209767	G	C	67	0	68	6
233453056	A	C	56	0	56	5
233696185	C	T	62	0	50	3
235802533	C	T	62	0	45	10
237076758	G	T	73	0	56	5
239327918	T	G	83	0	53	4
239576237	C	T	62	0	47	9
240570790	T	G	60	0	52	4
242388314	C	T	61	0	51	4
244695806	C	T	48	0	40	6
245685822	C	A	48	0	55	5
