#pos	ref	alt	a_N	b_N	a_T	b_T
150	C	T	55	0	56	14
556779	A	G	50	0	48	13
558867	T	C	63	0	58	24
559737	C	T	68	0	52	19
1486324	G	A	52	0	65	20
2857140	C	T	64	0	41	20
4149358	C	T	67	0	61	20
6108425	G	A	54	0	49	9
6287040	C	T	57	0	60	13
6309595	G	A	60	0	47	18
11062042	T	C	52	0	50	13
11145953	A	C	67	0	51	8
11951633	C	T	73	0	51	19
15801874	T	C	73	0	71	15
16020809	T	C	63	0	44	17
16566934	T	G	72	0	61	16
16572678	C	A	58	0	57	17
16693710	G	A	66	0	58	20
16747377	C	T	140	0	148	26
16881046	T	A	69	0	65	21
17288242	G	T	56	0	68	25
18707142	T	A	60	0	68	20
20283134	A	T	50	0	46	17
20918547	C	T	68	0	60	16
22167516	C	T	108	0	97	12
23307238	A	T	65	0	64	18
23348187	T	A	58	0	47	18
25595430	A	C	85	0	63	10
25996272	G	A	57	0	65	20
26622485	C	T	62	0	65	22
27641044	G	A	70	0	54	22
27648589	T	C	57	0	60	19
27693488	G	C	46	0	51	22
27910482	C	T	70	0	49	17
28383427	G	T	66	0	62	16
34360871	C	A	56	0	57	16
34673235	C	T	66	0	63	16
34943752	T	A	54	0	49	17
34961035	C	T	59	0	54	14
35773076	G	A	62	0	49	17
35977629	C	A	60	0	48	25
36049670	C	A	71	0	56	26
37101443	G	T	66	0	59	22
38637666	T	C	43	0	55	14
39591764	C	G	53	0	63	14
40220833	G	T	63	0	52	18
40795381	C	A	65	0	55	11
43161464	G	C	68	0	63	11
44301125	A	G	56	0	73	14
45204716	G	A	57	0	57	12
46517198	G	A	69	0	44	18
48564780	C	A	53	0	67	16
50022972	G	A	56	0	50	13
50024994	A	C	62	0	60	13
52114369	A	T	63	0	52	17
52761885	A	C	62	0	58	12
54764848	A	G	64	0	51	16
57056756	C	T	57	0	63	13
61263719	A	G	52	0	44	6
64932180	G	A	62	0	58	19
67061162	G	T	67	0	38	13
67714987	T	C	64	0	53	12
68801174	A	G	59	0	52	17
68987724	T	C	68	0	64	21
69125785	T	G	72	0	53	12
69326830	G	T	73	0	37	18
69565947	G	A	58	0	56	21
70541027	G	A	44	0	58	13
70564107	G	A	57	0	66	10
73848527	C	T	61	0	52	15
76488200	C	A	64	0	32	12
78881941	G	T	58	0	41	12
80736480	C	T	52	0	43	15
80786722	A	C	55	0	26	20
81288297	G	T	63	0	35	16
81537097	T	C	53	0	31	14
81552786	G	A	56	0	36	14
82628757	C	A	55	0	31	16
83245388	G	A	73	0	45	15
86282044	G	A	71	0	44	19
87508765	C	T	66	0	43	18
91628474	G	T	67	0	26	21
93058503	T	C	63	0	33	13
93192515	C	T	65	0	57	14
99011105	C	A	81	0	52	8
100184452	C	T	76	0	33	7
100463993	T	A	62	0	37	6
101857031	G	A	57	0	50	14
102097505	G	A	59	0	49	8
104157232	G	A	62	0	34	8
105978620	C	A	55	0	38	16
105978717	T	A	63	0	45	10
106769684	C	T	76	0	38	4
107469364	A	T	61	0	33	12
108596533	A	T	127	0	69	11
111818919	G	C	70	0	34	12
114582686	G	A	66	0	37	6
117353413	C	A	69	0	37	5
119095912	G	A	66	0	41	5
119680923	C	A	63	0	40	9
142381526	G	A	48	0	52	6
142794820	C	T	66	0	49	10
143675731	T	A	67	0	63	8
143917639	C	A	81	0	72	17
144526663	G	A	103	1	124	13
147122486	A	G	65	0	54	17
148202120	C	T	52	0	47	17
148553915	G	T	74	0	53	18
148815709	G	A	59	0	55	20
150715850	C	T	74	0	64	16
150832478	A	T	61	0	59	23
151157835	G	A	54	0	54	15
152075363	G	T	55	0	55	16
153140293	G	A	55	0	59	21
155503003	T	G	66	0	58	14
155536803	A	G	71	0	62	13
155970715	C	A	79	0	41	27
156322594	C	T	64	0	43	10
156875325	G	T	64	0	57	19
157233036	A	G	52	0	63	20
157299085	G	T	53	0	58	16
157638211	G	A	56	0	88	19
157702543	G	T	47	0	46	25
157791587	G	A	41	0	70	22
158566531	G	A	62	0	55	24
162242705	G	A	56	0	62	15
163130056	A	T	54	0	58	15
164491278	A	C	54	0	58	15
166102629	G	A	55	0	55	17
166692941	T	C	60	0	53	10
167123359	G	A	60	0	56	20
167234140	G	A	63	0	61	17
168217387	T	C	57	0	52	18
169162280	G	T	59	0	52	26
169927447	C	A	50	0	51	8
169985347	T	A	58	0	36	12
171582026	C	T	59	0	55	23
175085672	C	G	55	0	62	12
175336025	G	T	74	0	49	17
175401939	C	A	66	0	37	24
177778917	G	T	71	0	50	20
178207649	A	G	59	0	71	12
178820143	G	T	56	0	53	14
179749509	C	T	59	0	60	18
183811768	C	A	75	0	62	18
184353000	G	T	60	0	57	17
185053557	C	A	52	0	33	18
185719178	G	T	64	0	40	15
187756887	C	A	61	0	34	16
188429027	G	T	60	0	35	18
189305807	A	T	66	0	38	14
192068898	C	T	62	0	31	15
193824454	G	A	58	0	39	17
193832389	G	A	69	0	38	15
194408792	G	A	59	0	37	15
195890907	A	G	60	0	46	12
198560885	G	A	61	0	47	8
198825382	A	T	53	0	45	9
199032422	G	T	58	0	42	6
202892791	C	T	54	0	56	7
203126329	C	T	68	0	42	5
204612951	T	C	56	0	33	4
205580821	G	T	58	0	53	7
207908397	A	C	53	0	43	4
209512576	A	T	53	0	58	5
209578956	C	A	65	0	42	8
209640918	A	G	59	0	46	4
210134563	G	T	65	0	42	10
212942050	C	T	62	0	55	4
212974570	G	A	57	0	55	4
213010451	C	T	65	0	56	8
214380812	G	A	74	0	47	5
216606251	T	G	71	0	55	5
216766508	G	A	66	0	43	10
217341205	C	T	64	0	50	4
217838490	C	T	67	0	50	4
220376764	C	A	75	0	39	8
222628108	A	G	66	0	32	12
224096985	G	T	58	0	39	6
226723494	G	A	58	0	47	7
227462545	G	A	48	0	38	5
227771686	G	C	67	0	37	7
228807248	A	G	52	0	48	8
233310408	G	A	60	0	39	6
233974826	A	G	58	0	47	6
235397978	G	T	54	0	38	12
236106926	G	A	82	0	34	10
236120219	T	G	52	0	37	10
236169729	G	A	65	0	40	7
236255982	G	A	71	0	43	12
236295183	C	T	67	0	33	5
239001984	G	T	70	0	39	8
240109943	G	A	64	0	34	8
241189455	G	A	60	0	46	5
242581980	G	A	51	0	50	5
245225763	G	A	65	0	47	13
