#pos	ref	alt	a_N	b_N	a_T	b_T
150	C	T	59	0	58	29
556779	A	G	65	0	48	24
558867	T	C	66	0	52	28
559737	C	T	69	0	49	31
1486324	G	A	57	0	48	32
2857140	C	T	58	0	44	31
4149358	C	T	61	0	62	25
6108425	G	A	62	0	54	19
6287040	C	T	62	0	57	24
6309595	G	A	62	0	43	22
11062042	T	C	58	0	55	24
11145953	A	C	60	0	46	21
11951633	C	T	72	0	63	19
15801874	T	C	62	0	51	28
16020809	T	C	66	0	51	18
16566934	T	G	55	0	50	31
16572678	C	A	56	0	52	16
16693710	G	A	62	0	54	26
16747377	C	T	167	0	147	20
16881046	T	A	68	0	92	31
17288242	G	T	53	0	53	27
18707142	T	A	61	0	62	34
20283134	A	T	60	0	58	22
20918547	C	T	71	0	56	29
22167516	C	T	99	0	98	23
23307238	A	T	56	0	51	26
23348187	T	A	74	0	55	25
25595430	A	C	73	0	67	36
25996272	G	A	64	0	51	19
26622485	C	T	55	0	45	38
27641044	G	A	65	0	63	31
27648589	T	C	54	0	54	25
27693488	G	C	44	0	51	22
27910482	C	T	69	0	46	23
34360871	C	A	64	0	34	18
34961035	C	T	50	0	28	36
37101443	G	T	75	0	25	28
38637666	T	C	60	0	22	27
40220833	G	T	69	0	29	30
40795381	C	A	68	0	24	33
44301125	A	G	76	0	29	33
46517198	G	A	70	0	31	30
52761885	A	C	51	0	30	19
54764848	A	G	67	0	27	21
67061162	G	T	42	0	46	18
67714987	T	C	69	0	39	19
68801174	A	G	61	0	43	17
68987724	T	C	76	0	39	17
69125785	T	G	59	0	38	7
69326830	G	T	59	0	44	17
69565947	G	A	71	0	39	11
70541027	G	A	69	0	30	17
70564107	G	A	70	0	45	19
73848527	C	T	74	0	51	15
74699534	C	T	54	0	41	18
75641754	C	T	70	0	40	9
76488200	C	A	50	0	32	9
76546575	C	T	64	0	49	12
76966781	C	T	61	0	41	13
77019338	C	A	59	0	41	8
78881941	G	T	57	0	40	17
79716326	C	T	73	0	37	15
80331848	G	T	73	0	39	16
80513240	C	A	68	0	37	16
80736480	C	T	56	0	51	14
80786722	A	C	70	0	43	13
81288297	G	T	74	0	38	8
81537097	T	C	54	0	36	13
81552786	G	A	65	0	47	9
82628757	C	A	60	0	39	13
83245388	G	A	56	0	35	16
85333330	G	A	51	0	52	16
85892082	C	G	66	0	35	22
85995546	C	T	69	0	43	10
86035502	G	A	56	0	47	11
86282044	G	A	56	0	46	10
87204053	T	A	57	0	56	18
87508765	C	T	72	0	34	12
88128357	G	A	61	0	39	19
90680557	A	G	64	0	42	11
91628474	G	T	53	0	44	11
91853636	G	T	44	0	40	19
93058503	T	C	70	0	35	8
93192515	C	T	58	0	41	11
99011105	C	A	59	0	40	17
100184452	C	T	61	0	33	15
100463993	T	A	67	0	43	14
101857031	G	A	56	0	49	23
102097505	G	A	55	0	39	12
104157232	G	A	46	0	21	11
105978620	C	A	58	0	28	13
105978717	T	A	55	0	34	9
106769684	C	T	66	0	28	7
107469364	A	T	53	0	33	11
108596533	A	T	132	0	61	15
111818919	G	C	77	0	27	10
114582686	G	A	69	0	19	11
117353413	C	A	65	0	16	8
119095912	G	A	64	0	33	11
119680923	C	A	59	0	19	20
142381526	G	A	70	0	50	4
142794820	C	T	51	0	59	29
143675731	T	A	74	0	64	29
143917639	C	A	89	0	51	31
144526663	G	A	113	1	127	23
146634904	C	G	84	0	98	10
147122486	A	G	73	0	72	25
148202120	C	T	64	0	59	30
148553915	G	T	65	0	56	19
148815709	G	A	57	0	64	20
150715850	C	T	66	0	58	32
150832478	A	T	52	0	46	41
151157835	G	A	65	0	60	27
152075363	G	T	62	0	47	23
153140293	G	A	64	0	47	41
155503003	T	G	62	0	54	21
155536803	A	G	46	0	55	26
155970715	C	A	60	0	60	22
156322594	C	T	71	0	58	28
156875325	G	T	79	0	58	24
157233036	A	G	53	0	52	25
157299085	G	T	63	0	46	23
157638211	G	A	60	0	56	28
157702543	G	T	69	0	52	34
157791587	G	A	65	0	62	24
158566531	G	A	58	0	55	25
162242705	G	A	53	0	56	27
163130056	A	T	70	0	62	26
164491278	A	C	63	0	51	29
166102629	G	A	51	0	44	19
166692941	T	C	66	0	54	25
167123359	G	A	52	0	54	31
167234140	G	A	53	0	47	26
168217387	T	C	55	0	55	30
169162280	G	T	55	0	47	38
169927447	C	A	60	0	48	14
169985347	T	A	63	0	55	30
171582026	C	T	63	0	58	27
175085672	C	G	61	0	51	26
175336025	G	T	61	0	52	24
175401939	C	A	66	0	44	31
177778917	G	T	66	0	58	22
178207649	A	G	57	0	77	25
178820143	G	T	79	0	52	37
179749509	C	T	69	0	68	34
183811768	C	A	65	0	50	33
184353000	G	T	68	0	48	25
185053557	C	A	67	0	57	30
185719178	G	T	65	0	63	35
187146295	G	A	66	0	68	31
187756887	C	A	56	0	58	30
187829553	G	T	57	0	63	17
188429027	G	T	60	0	52	29
188480588	T	A	75	0	49	30
189305807	A	T	58	0	64	20
190355205	C	T	60	0	63	31
192068898	C	T	65	0	28	31
193824454	G	A	62	0	18	22
193832389	G	A	58	0	35	33
194408792	G	A	57	0	24	28
195890907	A	G	53	0	28	29
198560885	G	A	56	0	38	20
198825382	A	T	62	0	34	3
199032422	G	T	69	0	46	12
202892791	C	T	59	0	32	11
203126329	C	T	64	0	39	16
204612951	T	C	47	0	32	12
205580821	G	T	66	0	39	13
207908397	A	C	62	0	50	10
209512576	A	T	60	0	40	12
209578956	C	A	48	0	47	16
209640918	A	G	49	0	35	11
210134563	G	T	67	0	40	12
212942050	C	T	46	0	33	21
212974570	G	A	72	0	38	20
213010451	C	T	57	0	34	17
213169665	G	T	69	0	43	3
214380812	G	A	60	0	41	8
216606251	T	G	56	0	34	15
216766508	G	A	52	0	47	11
217341205	C	T	51	0	41	9
217838490	C	T	61	0	47	14
220174184	A	C	63	0	36	12
220376764	C	A	41	0	50	15
220506775	C	A	63	0	32	15
220981874	T	C	72	0	43	11
221143213	C	T	67	0	45	4
221291237	G	T	79	0	48	16
222407994	C	T	53	0	39	16
222628108	A	G	57	0	38	14
224033479	A	T	58	0	44	12
224096985	G	T	57	0	47	8
224909331	C	T	57	0	42	20
226723494	G	A	75	0	14	12
227462545	G	A	56	0	18	12
227771686	G	C	61	0	25	17
228807248	A	G	55	0	20	9
233310408	G	A	61	0	37	13
233974826	A	G	65	0	31	17
235397978	G	T	51	0	28	21
236106926	G	A	47	0	21	11
236120219	T	G	55	0	27	7
236169729	G	A	48	0	21	13
236255982	G	A	64	0	30	17
236295183	C	T	58	0	24	8
239001984	G	T	53	0	34	9
240109943	G	A	66	0	30	11
241189455	G	A	59	0	27	9
242581980	G	A	56	0	29	8
245225763	G	A	72	0	26	10
