#pos	ref	alt	a_N	b_N	a_T	b_T
558867	T	C	76	0	54	11
559737	C	T	58	0	55	16
4149358	C	T	58	0	61	15
6108425	G	A	63	0	53	11
6287040	C	T	70	0	45	9
11145953	A	C	47	0	45	7
11951633	C	T	70	0	48	14
16020809	T	C	57	0	48	14
16693710	G	A	62	0	47	11
16881046	T	A	67	0	63	12
20918547	C	T	58	0	55	11
23348187	T	A	66	0	39	10
25595430	A	C	82	0	67	11
25996272	G	A	54	0	44	17
26622485	C	T	66	0	42	13
27641044	G	A	54	0	47	11
27648589	T	C	57	0	50	22
34360871	C	A	73	0	49	12
34961035	C	T	66	0	55	13
37101443	G	T	50	0	50	8
38637666	T	C	58	0	55	11
40220833	G	T	71	0	53	13
40795381	C	A	60	0	47	6
44301125	A	G	71	0	49	11
46517198	G	A	64	0	47	17
52761885	A	C	64	0	55	10
54764848	A	G	60	0	54	12
67061162	G	T	61	0	54	7
67714987	T	C	68	0	52	12
68987724	T	C	64	0	44	8
69125785	T	G	66	0	50	14
70541027	G	A	66	0	56	14
73848527	C	T	65	0	58	7
76488200	C	A	64	0	43	9
78881941	G	T	61	0	42	10
80736480	C	T	61	0	42	11
80786722	A	C	73	0	47	9
81288297	G	T	51	0	54	12
81537097	T	C	55	0	44	10
81552786	G	A	54	0	60	21
82628757	C	A	51	0	48	10
83245388	G	A	49	0	52	16
86282044	G	A	71	0	49	18
87508765	C	T	58	0	59	8
91628474	G	T	63	0	58	10
93058503	T	C	67	0	55	18
99011105	C	A	74	0	48	7
100463993	T	A	58	0	55	15
104157232	G	A	67	0	54	13
105978620	C	A	62	0	48	12
105978717	T	A	68	0	47	17
106769684	C	T	53	0	46	15
107469364	A	T	55	0	50	13
108596533	A	T	110	0	125	18
111818919	G	C	64	0	49	10
114582686	G	A	65	0	58	14
117353413	C	A	61	0	41	9
119095912	G	A	49	0	61	13
119680923	C	A	65	0	37	9
120687577	G	A	90	0	72	7
121043647	T	G	52	0	48	3
142794820	C	T	69	0	39	3
143675731	T	A	75	0	60	9
143917639	C	A	73	0	71	9
144526663	G	A	97	0	117	4
147122486	A	G	86	0	50	8
148202120	C	T	64	0	50	7
148553915	G	T	68	0	67	3
148815709	G	A	49	0	64	5
150715850	C	T	63	0	42	9
150832478	A	T	67	0	52	6
151157835	G	A	58	0	77	7
152075363	G	T	65	0	65	3
153140293	G	A	65	0	57	8
155503003	T	G	64	0	48	8
155536803	A	G	61	0	53	3
155970715	C	A	81	0	54	7
156322594	C	T	66	0	49	8
156875325	G	T	73	0	57	8
157233036	A	G	56	0	63	4
157299085	G	T	59	0	60	4
157638211	G	A	55	0	58	8
157702543	G	T	51	0	48	6
157791587	G	A	67	0	56	14
158566531	G	A	50	0	64	7
162242705	G	A	53	0	39	3
163130056	A	T	63	0	61	6
164491278	A	C	71	0	61	11
166102629	G	A	74	0	53	6
166692941	T	C	49	0	58	6
167123359	G	A	63	0	55	12
167234140	G	A	63	0	51	4
168217387	T	C	74	0	48	4
169162280	G	T	52	0	52	6
169985347	T	A	46	0	45	8
175085672	C	G	61	0	55	9
175336025	G	T	62	0	61	5
175401939	C	A	62	0	58	3
177778917	G	T	51	0	58	6
178207649	A	G	64	0	67	6
178820143	G	T	71	0	60	5
179749509	C	T	67	0	62	7
183811768	C	A	48	0	69	8
184353000	G	T	63	0	62	8
185053557	C	A	73	0	61	6
185719178	G	T	74	0	45	6
187146295	G	A	61	0	54	9
187756887	C	A	72	0	70	5
187829553	G	T	65	0	66	7
188429027	G	T	61	0	65	10
188480588	T	A	76	0	59	28
189305807	A	T	51	0	68	3
190355205	C	T	61	0	54	8
191281109	G	C	66	0	41	4
192068898	C	T	54	0	47	8
193369326	A	T	60	0	47	7
193832389	G	A	57	0	57	6
194283680	C	A	59	0	44	7
194408792	G	A	59	0	54	6
195890907	A	G	63	0	45	5
198560885	G	A	72	0	59	3
198825382	A	T	65	0	70	9
199032422	G	T	74	0	45	3
202892791	C	T	48	0	42	6
204612951	T	C	48	0	51	7
205580821	G	T	58	0	56	12
207908397	A	C	61	0	71	9
209512576	A	T	77	0	50	7
209578956	C	A	71	0	65	7
209640918	A	G	73	0	55	7
210134563	G	T	66	0	50	7
212942050	C	T	63	0	52	4
212974570	G	A	65	0	57	9
213010451	C	T	67	0	42	4
214380812	G	A	63	0	56	5
216606251	T	G	63	0	45	7
216766508	G	A	68	0	54	7
217341205	C	T	61	0	47	5
217838490	C	T	64	0	53	9
220174184	A	C	50	0	60	3
220376764	C	A	75	0	51	6
220506775	C	A	57	0	44	5
220981874	T	C	65	0	52	5
221291237	G	T	53	0	56	9
222407994	C	T	65	0	60	18
222628108	A	G	58	0	71	6
224096985	G	T	59	0	49	4
226723494	G	A	63	0	58	6
227462545	G	A	59	0	62	5
227771686	G	C	53	0	47	3
228460639	C	T	69	0	43	5
228725421	G	A	63	0	64	5
228807248	A	G	51	0	59	3
229631643	T	G	78	0	60	6
230767218	C	A	62	0	65	3
231209767	G	C	55	0	48	5
233310408	G	A	60	0	60	5
233453056	A	C	71	0	44	9
233696185	C	T	68	0	64	7
235397978	G	T	62	0	45	7
235802533	C	T	56	0	67	4
236106926	G	A	77	0	57	3
236120219	T	G	59	0	68	8
236169729	G	A	59	0	58	8
236255982	G	A	69	0	47	6
236295183	C	T	65	0	63	4
237076758	G	T	65	0	60	7
239001984	G	T	73	0	63	4
239327918	T	G	81	0	53	7
239476791	G	T	61	0	57	6
239576237	C	T	64	0	58	8
240109943	G	A	59	0	57	6
240570790	T	G	55	0	50	7
241189455	G	A	76	0	54	4
242388314	C	T	65	0	51	6
242581980	G	A	55	0	48	5
244695806	C	T	68	0	58	8
245225763	G	A	57	0	57	6
245685822	C	A	78	0	51	10
