#pos	ref	alt	a_N	b_N	a_T	b_T
150	C	T	67	0	44	16
556779	A	G	62	0	29	18
558867	T	C	61	0	35	9
559737	C	T	55	0	50	22
1486324	G	A	61	0	40	33
2857140	C	T	74	0	44	16
4149358	C	T	50	0	46	18
6108425	G	A	56	0	49	15
6287040	C	T	80	0	39	20
6309595	G	A	64	0	40	16
11062042	T	C	54	0	47	18
11145953	A	C	53	0	44	17
11951633	C	T	57	0	39	15
15801874	T	C	57	0	46	8
16020809	T	C	58	0	58	20
16566934	T	G	42	0	44	19
16572678	C	A	68	0	47	24
16693710	G	A	72	0	49	11
16747377	C	T	148	0	110	19
16881046	T	A	74	0	42	20
17288242	G	T	64	0	43	25
18707142	T	A	72	0	71	24
20283134	A	T	57	0	62	16
20918547	C	T	74	0	38	44
22167516	C	T	103	0	90	19
23307238	A	T	60	0	33	24
23348187	T	A	65	0	35	19
25595430	A	C	61	0	49	23
25996272	G	A	68	0	44	15
26622485	C	T	72	0	48	20
27641044	G	A	49	0	42	24
27648589	T	C	61	0	43	14
27693488	G	C	64	0	49	14
27910482	C	T	63	0	39	15
28383427	G	T	59	0	35	23
34360871	C	A	47	0	45	22
34673235	C	T	55	0	36	24
34943752	T	A	79	0	42	17
34961035	C	T	56	0	40	22
35773076	G	A	65	0	49	19
35977629	C	A	59	0	31	20
36049670	C	A	69	0	40	23
37101443	G	T	67	0	46	30
38637666	T	C	61	0	43	14
39591764	C	G	51	0	40	15
40220833	G	T	48	0	45	18
40795381	C	A	63	0	49	15
43161464	G	C	73	0	54	15
44301125	A	G	52	0	32	18
45204716	G	A	50	0	41	15
46517198	G	A	74	0	37	20
48564780	C	A	57	0	38	19
50022972	G	A	64	0	42	19
50024994	A	C	57	0	46	19
52114369	A	T	68	0	49	18
52761885	A	C	42	0	52	22
54764848	A	G	63	0	40	24
57056756	C	T	57	0	44	20
61263719	A	G	56	0	35	18
64932180	G	A	61	0	47	18
67061162	G	T	62	0	47	14
67714987	T	C	56	0	44	17
68801174	A	G	53	0	41	12
68987724	T	C	60	0	33	15
69125785	T	G	64	0	36	23
69326830	G	T	51	0	45	15
69565947	G	A	74	0	39	14
70541027	G	A	64	0	39	16
70564107	G	A	64	0	47	20
73848527	C	T	60	0	51	15
74699534	C	T	64	0	39	18
75641754	C	T	81	0	35	25
76488200	C	A	69	0	37	12
76546575	C	T	54	0	37	21
76966781	C	T	56	0	43	12
77019338	C	A	53	0	41	26
78881941	G	T	63	0	36	27
79716326	C	T	57	0	42	17
80331848	G	T	65	0	53	19
80513240	C	A	63	0	35	17
80736480	C	T	53	0	33	25
80786722	A	C	63	0	37	15
81288297	G	T	47	0	53	28
81537097	T	C	60	0	43	17
81552786	G	A	66	0	40	16
82628757	C	A	61	0	45	15
83245388	G	A	55	0	45	20
85333330	G	A	67	0	48	19
85892082	C	G	60	0	50	20
85995546	C	T	64	0	42	17
86035502	G	A	54	0	35	20
86282044	G	A	59	0	38	14
87204053	T	A	70	0	40	26
87508765	C	T	74	0	41	13
88128357	G	A	68	0	46	16
90680557	A	G	52	0	41	17
91628474	G	T	67	0	53	23
91853636	G	T	57	0	53	18
93058503	T	C	53	0	44	11
93192515	C	T	58	0	40	20
99011105	C	A	45	0	45	14
100184452	C	T	56	0	38	17
100463993	T	A	53	0	37	15
101857031	G	A	63	0	38	18
102097505	G	A	68	0	35	14
102857617	G	A	62	0	37	21
103196714	T	A	66	0	31	16
104157232	G	A	67	0	26	17
104690287	G	C	51	0	40	15
105978620	C	A	53	0	47	15
105978717	T	A	54	0	43	13
106338353	T	C	62	0	48	28
106769684	C	T	60	0	44	22
107469364	A	T	49	0	46	21
108596533	A	T	140	0	110	21
109570824	T	A	60	0	35	17
110511338	C	A	61	0	43	23
111818919	G	C	50	0	43	16
113124500	C	T	72	0	33	15
114582686	G	A	49	0	38	17
116450610	C	G	72	0	44	19
116758424	C	T	59	0	39	13
117353413	C	A	59	0	45	19
117907374	A	C	54	0	50	14
118738158	G	A	68	0	36	20
119095912	G	A	48	0	51	20
119680923	C	A	75	0	37	16
120687577	G	A	61	0	74	19
121043647	T	G	54	0	48	6
142381526	G	A	73	0	41	4
142794820	C	T	67	0	40	20
143675731	T	A	62	0	54	18
143917639	C	A	89	0	45	22
144526663	G	A	124	1	90	16
146634904	C	G	78	0	71	5
147122486	A	G	71	0	48	29
148202120	C	T	61	0	40	15
148553915	G	T	48	0	34	17
148815709	G	A	76	0	42	17
150715850	C	T	65	0	32	14
150832478	A	T	61	0	51	10
151157835	G	A	52	0	52	24
152075363	G	T	65	0	47	18
153140293	G	A	58	0	43	21
155503003	T	G	54	0	47	23
155536803	A	G	54	0	55	16
155970715	C	A	73	0	39	16
156322594	C	T	71	0	46	21
156875325	G	T	66	0	38	15
157233036	A	G	56	0	33	14
157299085	G	T	69	0	53	17
157638211	G	A	65	0	33	11
157702543	G	T	75	0	43	23
157791587	G	A	51	0	50	19
158566531	G	A	59	0	39	14
162242705	G	A	69	0	34	19
163130056	A	T	64	0	36	15
164491278	A	C	54	0	46	21
166102629	G	A	65	0	43	17
166692941	T	C	53	0	36	15
167123359	G	A	58	0	48	18
167234140	G	A	61	0	40	22
168217387	T	C	59	0	36	21
169162280	G	T	58	0	40	12
169927447	C	A	58	0	41	10
169985347	T	A	58	0	36	15
171582026	C	T	57	0	42	18
175085672	C	G	65	0	43	31
175336025	G	T	56	0	40	14
175401939	C	A	61	0	40	21
177778917	G	T	66	0	40	18
178207649	A	G	57	0	45	23
178820143	G	T	71	0	44	24
179749509	C	T	60	0	45	21
183811768	C	A	71	0	31	17
184353000	G	T	61	0	41	8
185053557	C	A	53	0	33	14
185719178	G	T	72	0	43	18
187146295	G	A	70	0	33	16
187756887	C	A	74	0	45	18
187829553	G	T	66	0	39	16
188429027	G	T	72	0	46	25
188480588	T	A	54	0	41	17
189305807	A	T	65	0	40	11
190355205	C	T	66	0	46	16
191281109	G	C	64	0	38	22
192068898	C	T	77	0	52	16
193369326	A	T	66	0	47	18
193824454	G	A	58	0	41	13
193832389	G	A	67	0	37	19
194283680	C	A	65	0	45	18
194408792	G	A	63	0	39	18
195890907	A	G	56	0	32	18
198560885	G	A	52	0	30	15
198825382	A	T	60	0	46	21
199032422	G	T	56	0	42	13
202892791	C	T	62	0	48	15
203126329	C	T	77	0	38	21
204612951	T	C	57	0	39	13
205580821	G	T	55	0	37	13
207908397	A	C	65	0	70	16
209512576	A	T	60	0	32	34
209578956	C	A	50	0	65	18
209640918	A	G	78	0	53	36
210134563	G	T	57	0	59	15
212942050	C	T	78	0	42	32
212974570	G	A	68	0	63	22
213010451	C	T	68	0	69	14
214380812	G	A	52	0	39	46
216606251	T	G	74	0	35	18
216766508	G	A	56	0	47	17
217341205	C	T	65	0	43	25
217838490	C	T	65	0	51	16
220174184	A	C	63	0	37	14
220376764	C	A	66	0	45	19
220506775	C	A	52	0	34	16
220981874	T	C	57	0	42	10
221291237	G	T	62	0	45	14
222407994	C	T	65	0	45	23
222628108	A	G	59	0	44	21
224033479	A	T	55	0	43	10
224096985	G	T	69	0	41	14
224909331	C	T	49	0	55	20
226723494	G	A	66	0	35	13
227462545	G	A	58	0	47	20
227771686	G	C	56	0	41	22
228460639	C	T	57	0	40	12
228725421	G	A	69	0	39	24
228807248	A	G	66	0	36	16
229631643	T	G	57	0	45	22
230767218	C	A	60	0	52	12
231209767	G	C	58	0	43	21
233310408	G	A	57	0	48	18
233453056	A	C	57	0	45	24
233696185	C	T	59	0	37	23
233974826	A	G	53	0	45	19
235397978	G	T	57	0	56	28
235802533	C	T	76	0	32	16
236106926	G	A	56	0	34	17
236120219	T	G	66	0	52	21
236169729	G	A	49	0	34	17
236255982	G	A	59	0	41	19
236295183	C	T	61	0	41	12
237076758	G	T	61	0	55	19
239001984	G	T	57	0	39	15
239327918	T	G	58	0	35	19
239476791	G	T	67	0	42	19
239576237	C	T	62	0	37	16
240109943	G	A	58	0	42	17
240570790	T	G	57	0	41	21
241189455	G	A	56	0	34	16
242388314	C	T	71	0	47	17
242581980	G	A	59	0	40	20
244695806	C	T	59	0	45	28
245225763	G	A	59	0	32	23
245685822	C	A	49	0	41	20
