#pos	ref	alt	a_N	b_N	a_T	b_T
150	C	T	52	0	31	28
556779	A	G	55	0	28	36
1486324	G	A	67	0	23	30
2857140	C	T	68	0	22	29
6309595	G	A	61	0	27	27
11062042	T	C	58	0	26	44
16566934	T	G	64	0	30	37
16572678	C	A	66	0	17	31
16747377	C	T	148	0	115	33
17288242	G	T	59	0	17	34
18707142	T	A	75	0	27	24
20283134	A	T	62	0	24	25
22167516	C	T	115	0	53	20
23307238	A	T	58	0	31	33
27693488	G	C	74	0	22	37
27910482	C	T	66	0	15	32
28383427	G	T	60	0	22	32
34673235	C	T	62	0	53	38
34943752	T	A	57	0	61	37
34961035	C	T	67	0	63	36
35773076	G	A	51	0	66	22
35977629	C	A	77	0	48	32
36049670	C	A	63	0	48	27
37101443	G	T	73	0	57	32
38637666	T	C	47	0	65	31
39591764	C	G	69	0	63	28
40220833	G	T	68	0	59	30
40795381	C	A	50	0	55	30
43161464	G	C	63	0	42	28
45204716	G	A	67	0	26	34
48564780	C	A	61	0	20	36
50022972	G	A	51	0	26	19
50024994	A	C	58	0	29	30
52114369	A	T	56	0	36	20
57056756	C	T	58	0	16	38
61263719	A	G	69	0	47	40
64932180	G	A	72	0	58	40
67061162	G	T	53	0	43	33
67714987	T	C	55	0	58	23
68801174	A	G	54	0	51	32
68987724	T	C	71	0	56	29
69125785	T	G	60	0	44	27
69326830	G	T	52	0	48	32
69565947	G	A	65	0	46	40
70541027	G	A	63	0	47	28
70564107	G	A	60	0	51	31
73848527	C	T	74	0	64	35
74699534	C	T	59	0	44	23
75641754	C	T	61	0	50	35
76488200	C	A	71	0	56	24
76546575	C	T	57	0	54	26
76966781	C	T	61	0	46	33
77019338	C	A	69	0	53	25
79716326	C	T	61	0	24	34
80331848	G	T	47	0	30	27
80513240	C	A	53	0	23	30
85333330	G	A	57	0	21	31
85892082	C	G	80	0	32	28
85995546	C	T	76	0	27	29
86035502	G	A	56	0	24	23
87204053	T	A	67	0	25	33
88128357	G	A	65	0	26	24
90680557	A	G	69	0	23	30
91853636	G	T	58	0	15	28
93192515	C	T	50	0	27	28
100184452	C	T	76	0	26	38
101857031	G	A	66	0	26	32
102097505	G	A	49	0	24	20
102857617	G	A	62	0	17	32
103196714	T	A	63	0	27	28
104690287	G	C	71	0	16	31
106338353	T	C	61	0	31	49
109570824	T	A	64	0	31	37
110511338	C	A	69	0	29	26
113124500	C	T	66	0	24	28
116450610	C	G	62	0	23	22
116758424	C	T	71	0	30	28
117907374	A	C	68	0	22	23
118738158	G	A	55	0	28	29
120687577	G	A	76	0	37	26
147122486	A	G	81	0	27	32
148553915	G	T	63	0	25	22
148815709	G	A	48	0	24	27
150715850	C	T	70	0	36	37
150832478	A	T	60	0	43	28
151157835	G	A	72	0	15	25
152075363	G	T	50	0	24	25
153140293	G	A	58	0	27	31
155503003	T	G	53	0	59	34
155536803	A	G	58	0	56	36
155970715	C	A	63	0	53	26
156322594	C	T	59	0	52	28
156875325	G	T	71	0	46	30
157233036	A	G	62	0	70	26
157299085	G	T	49	0	58	36
157638211	G	A	61	0	50	28
157702543	G	T	47	0	38	30
157791587	G	A	65	0	56	26
158566531	G	A	55	0	60	27
162242705	G	A	62	0	52	27
163130056	A	T	51	0	64	36
164491278	A	C	58	0	54	32
166102629	G	A	63	0	49	36
166692941	T	C	61	0	60	33
167123359	G	A	63	0	43	38
167234140	G	A	62	0	58	33
168217387	T	C	63	0	24	29
169985347	T	A	63	0	24	34
171582026	C	T	58	0	31	38
175336025	G	T	64	0	24	28
175401939	C	A	60	0	26	38
178820143	G	T	76	0	29	40
179749509	C	T	61	0	32	28
187146295	G	A	60	0	37	26
187829553	G	T	70	0	29	25
188480588	T	A	55	0	27	31
190355205	C	T	58	0	26	27
191281109	G	C	65	0	21	30
193369326	A	T	53	0	23	36
194283680	C	A	47	0	30	29
202892791	C	T	61	0	25	34
203126329	C	T	74	0	29	32
205580821	G	T	70	0	26	27
209512576	A	T	57	0	31	20
209640918	A	G	62	0	22	35
212942050	C	T	69	0	34	23
213169665	G	T	61	0	30	6
214380812	G	A	68	0	27	29
216606251	T	G	54	0	30	34
217838490	C	T	57	0	17	31
220174184	A	C	58	0	21	25
220506775	C	A	62	0	34	46
220981874	T	C	59	0	58	27
221143213	C	T	69	0	64	7
221291237	G	T	57	0	47	20
222407994	C	T	67	0	59	32
222628108	A	G	74	0	43	23
224033479	A	T	78	0	53	35
224096985	G	T	71	0	57	23
224909331	C	T	68	0	57	32
226723494	G	A	62	0	49	25
227462545	G	A	51	0	47	32
227771686	G	C	55	0	49	28
228460639	C	T	66	0	60	32
228725421	G	A	64	0	42	14
228807248	A	G	66	0	53	14
229631643	T	G	72	0	57	33
230767218	C	A	54	0	63	35
231209767	G	C	44	0	50	30
233310408	G	A	82	0	50	36
233453056	A	C	58	0	56	29
233696185	C	T	67	0	60	39
233974826	A	G	71	0	49	30
235802533	C	T	66	0	24	28
237076758	G	T	57	0	33	39
239327918	T	G	63	0	21	24
239476791	G	T	69	0	23	33
239576237	C	T	53	0	23	27
240570790	T	G	53	0	19	22
242388314	C	T	57	0	17	22
244695806	C	T	64	0	21	40
245685822	C	A	62	0	33	32
