#pos	ref	alt	a_N	b_N	a_T	b_T
150	C	T	54	0	44	13
556779	A	G	61	0	58	11
558867	T	C	75	0	59	13
559737	C	T	73	0	53	18
1486324	G	A	62	0	66	13
2857140	C	T	69	0	42	12
4149358	C	T	77	0	50	16
6108425	G	A	59	0	46	10
6287040	C	T	71	0	57	12
6309595	G	A	60	0	64	13
11062042	T	C	67	0	56	13
11145953	A	C	60	0	43	6
11951633	C	T	60	0	39	9
15801874	T	C	55	1	47	9
16020809	T	C	64	0	53	14
16566934	T	G	68	0	40	17
16572678	C	A	58	0	50	14
16693710	G	A	71	0	52	9
16747377	C	T	157	0	140	9
16881046	T	A	79	0	59	14
17288242	G	T	72	0	58	16
18707142	T	A	66	0	60	3
20283134	A	T	68	0	56	11
20918547	C	T	65	0	51	27
22167516	C	T	116	0	104	14
23307238	A	T	77	0	46	7
23348187	T	A	67	0	40	13
25595430	A	C	71	0	57	13
25996272	G	A	58	0	43	12
26622485	C	T	60	0	50	14
27641044	G	A	74	0	55	13
27648589	T	C	58	0	42	14
27693488	G	C	71	0	46	9
27910482	C	T	62	0	48	21
28383427	G	T	62	0	40	10
34360871	C	A	55	0	49	15
34673235	C	T	70	0	34	11
34943752	T	A	59	0	37	14
34961035	C	T	61	0	32	18
35773076	G	A	53	0	47	10
35977629	C	A	57	0	62	11
36049670	C	A	49	0	53	16
37101443	G	T	54	0	52	14
38637666	T	C	63	0	52	9
39591764	C	G	53	0	51	16
40220833	G	T	69	0	44	12
40795381	C	A	76	0	45	11
43161464	G	C	56	0	47	15
44301125	A	G	53	0	58	12
45204716	G	A	67	0	36	15
46517198	G	A	57	0	45	13
48564780	C	A	63	0	56	12
50022972	G	A	51	0	64	14
50024994	A	C	62	0	52	18
52114369	A	T	53	0	49	13
52761885	A	C	61	0	56	8
54764848	A	G	66	0	59	17
57056756	C	T	69	0	57	11
61263719	A	G	69	0	49	10
64932180	G	A	55	0	40	8
67061162	G	T	68	0	55	6
67714987	T	C	61	0	41	13
68801174	A	G	68	0	43	12
68987724	T	C	52	0	47	11
69125785	T	G	58	0	40	14
69326830	G	T	61	0	49	11
69565947	G	A	56	0	54	6
70541027	G	A	57	0	54	16
70564107	G	A	62	0	56	8
73848527	C	T	60	0	47	10
74699534	C	T	60	0	47	13
75641754	C	T	60	0	39	19
76488200	C	A	52	0	58	15
76546575	C	T	56	0	42	7
76966781	C	T	76	0	56	13
77019338	C	A	57	0	44	10
78881941	G	T	75	0	50	7
79716326	C	T	71	0	38	15
80331848	G	T	68	0	43	7
80513240	C	A	68	0	42	20
80736480	C	T	73	0	39	16
80786722	A	C	58	0	49	20
81288297	G	T	57	0	58	11
81537097	T	C	62	0	43	11
81552786	G	A	51	0	40	13
82628757	C	A	72	0	44	11
83245388	G	A	52	0	42	13
85333330	G	A	60	0	40	15
85892082	C	G	65	0	59	9
85995546	C	T	73	0	39	8
86035502	G	A	51	0	59	11
86282044	G	A	67	0	38	7
87204053	T	A	60	0	46	13
87508765	C	T	68	0	44	12
88128357	G	A	69	0	50	14
90680557	A	G	65	0	43	6
91628474	G	T	52	0	45	15
91853636	G	T	61	0	54	10
93058503	T	C	56	0	42	18
93192515	C	T	65	0	39	10
99011105	C	A	89	0	46	20
100184452	C	T	74	0	43	6
100463993	T	A	55	0	43	15
101857031	G	A	62	0	48	8
102097505	G	A	78	0	61	16
102857617	G	A	58	0	54	9
103196714	T	A	61	0	49	14
104157232	G	A	63	0	46	9
104690287	G	C	56	0	47	15
105978620	C	A	65	0	48	16
105978717	T	A	61	0	33	14
106338353	T	C	53	0	53	14
106769684	C	T	60	0	58	15
107469364	A	T	57	0	56	9
108596533	A	T	132	0	92	17
109570824	T	A	71	0	48	8
110511338	C	A	47	0	48	13
111818919	G	C	48	0	47	9
113124500	C	T	54	0	48	13
114582686	G	A	58	0	36	11
116450610	C	G	53	0	52	18
116758424	C	T	66	0	52	10
117353413	C	A	70	0	49	12
117907374	A	C	58	0	47	9
118738158	G	A	47	0	50	18
119095912	G	A	47	0	59	12
119680923	C	A	53	0	58	21
120687577	G	A	64	0	51	7
121043647	T	G	61	0	43	5
142381526	G	A	50	0	36	3
142794820	C	T	61	0	52	9
143675731	T	A	67	0	43	12
143917639	C	A	73	0	63	12
144526663	G	A	130	0	96	3
146634904	C	G	87	0	73	6
147122486	A	G	53	0	59	13
148202120	C	T	61	0	53	18
148553915	G	T	55	0	37	6
148815709	G	A	58	0	50	14
150715850	C	T	69	0	63	14
150832478	A	T	65	0	61	18
151157835	G	A	75	0	40	7
152075363	G	T	60	0	55	10
153140293	G	A	55	0	56	15
155503003	T	G	54	0	41	8
155536803	A	G	65	0	54	9
155970715	C	A	69	0	40	11
156322594	C	T	56	0	57	11
156875325	G	T	58	0	45	13
157233036	A	G	62	0	52	15
157299085	G	T	57	0	48	8
157638211	G	A	56	0	61	14
157702543	G	T	55	0	61	11
157791587	G	A	76	0	57	16
158566531	G	A	63	0	39	12
162242705	G	A	58	0	52	12
163130056	A	T	54	0	41	20
164491278	A	C	51	0	42	16
166102629	G	A	64	0	54	19
166692941	T	C	54	0	55	7
167123359	G	A	54	0	51	7
167234140	G	A	61	0	32	21
168217387	T	C	74	0	62	9
169162280	G	T	62	0	43	9
169927447	C	A	59	0	46	7
169985347	T	A	54	0	47	9
171582026	C	T	71	0	58	18
175085672	C	G	58	0	44	8
175336025	G	T	73	0	64	9
175401939	C	A	63	0	58	6
177778917	G	T	57	0	46	16
178207649	A	G	56	0	52	11
178820143	G	T	53	0	52	7
179749509	C	T	79	0	50	12
183811768	C	A	79	0	60	17
184353000	G	T	48	0	58	11
185053557	C	A	72	0	42	15
185719178	G	T	63	0	57	9
187146295	G	A	65	0	48	18
187756887	C	A	68	0	43	9
187829553	G	T	61	0	48	15
188429027	G	T	59	0	40	13
188480588	T	A	59	0	40	9
189305807	A	T	66	0	49	5
190355205	C	T	72	0	44	9
191281109	G	C	62	0	30	7
192068898	C	T	74	0	47	14
193369326	A	T	72	0	51	16
193824454	G	A	55	0	57	9
193832389	G	A	52	0	51	15
194283680	C	A	60	0	64	12
194408792	G	A	65	0	47	13
195890907	A	G	56	0	51	17
198560885	G	A	53	0	59	7
198825382	A	T	62	0	42	14
199032422	G	T	62	0	44	19
202892791	C	T	49	0	54	11
203126329	C	T	66	0	60	19
204612951	T	C	66	0	40	11
205580821	G	T	55	0	50	14
207908397	A	C	55	0	60	10
209512576	A	T	45	0	42	30
209578956	C	A	63	0	71	14
209640918	A	G	63	0	53	23
210134563	G	T	64	0	51	8
212942050	C	T	82	0	53	25
212974570	G	A	57	0	66	9
213010451	C	T	58	0	52	12
214380812	G	A	56	0	64	26
216606251	T	G	79	0	48	17
216766508	G	A	74	0	58	13
217341205	C	T	59	0	47	13
217838490	C	T	59	0	45	10
220174184	A	C	67	0	44	10
220376764	C	A	74	0	38	8
220506775	C	A	59	0	45	10
220981874	T	C	63	0	52	17
221291237	G	T	63	0	49	11
222407994	C	T	81	0	40	9
222628108	A	G	66	0	46	14
224033479	A	T	52	0	53	18
224096985	G	T	74	0	51	11
224909331	C	T	56	0	43	9
226723494	G	A	63	0	43	14
227462545	G	A	46	0	62	10
227771686	G	C	54	0	52	14
228460639	C	T	72	0	48	12
228725421	G	A	69	0	59	4
228807248	A	G	63	0	38	11
229631643	T	G	53	0	43	16
230767218	C	A	73	0	54	13
231209767	G	C	58	0	50	13
233310408	G	A	59	0	58	20
233453056	A	C	61	0	49	15
233696185	C	T	51	0	38	15
233974826	A	G	67	0	35	11
235397978	G	T	62	0	53	5
235802533	C	T	60	0	52	10
236106926	G	A	61	0	51	15
236120219	T	G	70	0	50	15
236169729	G	A	65	0	41	15
236255982	G	A	59	0	49	11
236295183	C	T	63	0	44	14
237076758	G	T	53	0	58	12
239001984	G	T	58	0	51	13
239327918	T	G	58	0	59	15
239476791	G	T	69	0	43	15
239576237	C	T	72	0	49	28
240109943	G	A	58	0	57	13
240570790	T	G	67	0	44	12
241189455	G	A	56	0	42	11
242388314	C	T	66	0	48	11
242581980	G	A	55	0	53	10
244695806	C	T	83	0	58	12
245225763	G	A	64	0	48	10
245685822	C	A	63	0	51	11
