#pos	ref	alt	a_N	b_N	a_T	b_T
150	C	T	60	0	37	32
556779	A	G	69	0	35	21
558867	T	C	57	0	30	26
559737	C	T	67	0	37	16
1486324	G	A	68	0	35	33
2857140	C	T	58	0	33	19
4149358	C	T	63	0	31	37
6108425	G	A	57	0	26	32
6287040	C	T	52	0	32	30
6309595	G	A	53	0	28	20
11062042	T	C	59	0	49	35
11145953	A	C	67	0	32	19
11951633	C	T	61	0	33	23
15801874	T	C	55	0	34	19
16020809	T	C	58	0	39	40
16566934	T	G	60	0	34	29
16572678	C	A	73	0	41	28
16693710	G	A	68	0	34	20
16747377	C	T	155	0	95	31
16881046	T	A	59	0	42	35
17288242	G	T	44	0	31	31
18707142	T	A	71	0	56	33
20283134	A	T	61	0	59	30
20918547	C	T	63	0	43	60
22167516	C	T	102	0	118	28
23307238	A	T	56	0	34	26
23348187	T	A	63	0	32	26
25595430	A	C	79	0	45	26
25996272	G	A	58	0	32	21
26622485	C	T	73	0	27	26
27641044	G	A	67	0	29	32
27648589	T	C	60	0	32	34
27693488	G	C	52	0	37	22
27910482	C	T	83	0	44	30
28383427	G	T	64	0	40	19
34360871	C	A	54	0	42	39
34673235	C	T	68	0	47	39
34943752	T	A	62	0	32	33
34961035	C	T	64	0	30	36
35773076	G	A	46	0	27	24
35977629	C	A	56	0	32	21
36049670	C	A	49	0	22	20
37101443	G	T	59	0	32	31
38637666	T	C	64	0	45	23
39591764	C	G	65	0	38	27
40220833	G	T	71	0	37	18
40795381	C	A	76	0	35	30
43161464	G	C	64	0	38	15
44301125	A	G	41	0	32	33
45204716	G	A	64	0	34	34
46517198	G	A	73	0	25	24
48564780	C	A	56	0	36	20
50022972	G	A	59	0	25	24
50024994	A	C	61	0	25	32
52114369	A	T	66	0	32	33
52761885	A	C	62	0	33	20
54764848	A	G	65	0	29	34
57056756	C	T	67	0	30	19
61263719	A	G	79	0	44	25
64932180	G	A	65	0	29	22
67061162	G	T	52	0	29	22
67714987	T	C	56	0	37	22
68801174	A	G	58	0	30	24
68987724	T	C	63	0	45	26
69125785	T	G	53	0	35	24
69326830	G	T	62	0	38	22
69565947	G	A	67	0	44	35
70541027	G	A	58	0	30	25
70564107	G	A	52	0	22	26
73848527	C	T	56	0	39	22
74699534	C	T	54	0	29	35
75641754	C	T	58	0	28	35
76488200	C	A	68	0	32	22
76546575	C	T	76	0	28	28
76966781	C	T	65	0	36	30
77019338	C	A	52	0	29	24
78881941	G	T	64	0	28	22
79716326	C	T	47	0	30	22
80331848	G	T	64	0	29	33
80513240	C	A	60	0	33	36
80736480	C	T	67	0	33	28
80786722	A	C	52	0	34	28
81288297	G	T	64	0	28	31
81537097	T	C	62	0	37	18
81552786	G	A	66	0	27	30
82628757	C	A	65	0	42	31
83245388	G	A	62	0	40	28
85333330	G	A	65	0	40	34
85892082	C	G	51	0	45	22
85995546	C	T	62	0	38	27
86035502	G	A	52	0	36	29
86282044	G	A	62	0	29	22
87204053	T	A	68	0	39	30
87508765	C	T	66	0	42	23
88128357	G	A	53	0	31	35
90680557	A	G	69	0	41	25
91628474	G	T	59	0	25	28
91853636	G	T	52	0	37	15
93058503	T	C	48	0	30	26
93192515	C	T	47	0	19	27
99011105	C	A	52	0	35	30
100184452	C	T	57	0	39	24
100463993	T	A	53	0	34	26
101857031	G	A	64	0	40	26
102097505	G	A	62	0	34	18
102857617	G	A	62	0	24	24
103196714	T	A	55	0	32	28
104157232	G	A	74	0	40	21
104690287	G	C	49	0	36	26
105978620	C	A	72	0	29	30
105978717	T	A	61	0	30	26
106338353	T	C	55	0	49	33
106769684	C	T	45	0	40	25
107469364	A	T	50	0	27	29
108596533	A	T	127	0	84	20
109570824	T	A	71	0	36	22
110511338	C	A	63	0	29	33
111818919	G	C	52	0	36	20
113124500	C	T	54	0	34	22
114582686	G	A	57	0	37	25
116450610	C	G	75	0	28	19
116758424	C	T	54	0	33	34
117353413	C	A	57	0	36	32
117907374	A	C	61	0	29	15
118738158	G	A	77	0	36	25
119095912	G	A	56	0	43	32
119680923	C	A	54	0	35	21
120687577	G	A	73	0	41	24
121043647	T	G	48	0	29	8
142381526	G	A	64	0	29	12
142794820	C	T	53	0	43	36
143675731	T	A	57	0	38	31
143917639	C	A	77	0	39	25
144526663	G	A	109	0	82	28
146634904	C	G	89	0	60	9
147122486	A	G	43	0	34	26
148202120	C	T	62	0	30	31
148553915	G	T	58	0	27	19
148815709	G	A	61	0	45	34
150715850	C	T	47	0	40	24
150832478	A	T	69	0	35	28
151157835	G	A	67	0	32	15
152075363	G	T	60	0	34	26
153140293	G	A	69	0	35	23
155503003	T	G	60	0	32	25
155536803	A	G	65	0	31	26
155970715	C	A	54	0	33	25
156322594	C	T	67	0	43	25
156875325	G	T	54	0	33	28
157233036	A	G	62	0	22	26
157299085	G	T	75	0	34	30
157638211	G	A	55	0	41	28
157702543	G	T	66	0	33	32
157791587	G	A	53	0	38	27
158566531	G	A	53	0	39	27
162242705	G	A	60	0	31	23
163130056	A	T	68	0	26	33
164491278	A	C	51	0	31	24
166102629	G	A	71	0	24	30
166692941	T	C	68	0	27	30
167123359	G	A	60	0	37	26
167234140	G	A	57	0	32	25
168217387	T	C	66	0	30	26
169162280	G	T	65	0	38	27
169927447	C	A	51	0	24	19
169985347	T	A	49	0	31	25
171582026	C	T	66	0	45	24
175085672	C	G	72	0	28	35
175336025	G	T	73	0	29	29
175401939	C	A	51	0	40	32
177778917	G	T	71	0	33	28
178207649	A	G	52	0	33	36
178820143	G	T	45	0	27	34
179749509	C	T	59	0	25	22
183811768	C	A	62	0	38	34
184353000	G	T	64	0	26	33
185053557	C	A	57	0	36	22
185719178	G	T	69	0	25	28
187146295	G	A	62	0	27	29
187756887	C	A	69	0	35	23
187829553	G	T	44	0	38	25
188429027	G	T	66	0	19	17
188480588	T	A	74	0	37	21
189305807	A	T	60	0	37	29
190355205	C	T	76	0	33	30
191281109	G	C	51	0	34	27
192068898	C	T	62	0	25	23
193369326	A	T	49	0	42	30
193824454	G	A	79	0	40	21
193832389	G	A	55	0	28	30
194283680	C	A	41	0	37	29
194408792	G	A	67	0	35	29
195890907	A	G	72	0	34	24
198560885	G	A	54	0	25	26
198825382	A	T	69	0	39	28
199032422	G	T	60	0	40	25
202892791	C	T	54	0	28	27
203126329	C	T	63	0	26	24
204612951	T	C	48	0	42	17
205580821	G	T	63	0	30	18
207908397	A	C	59	0	64	32
209512576	A	T	57	0	31	38
209578956	C	A	52	0	69	26
209640918	A	G	60	0	34	51
210134563	G	T	61	0	54	26
212942050	C	T	71	0	43	66
212974570	G	A	73	0	50	37
213010451	C	T	56	0	55	25
213169665	G	T	77	0	39	7
214380812	G	A	66	0	31	47
216606251	T	G	57	0	26	28
216766508	G	A	70	0	23	30
217341205	C	T	54	0	33	22
217838490	C	T	63	0	36	24
220174184	A	C	67	0	30	30
220376764	C	A	65	0	31	29
220506775	C	A	62	0	34	37
220981874	T	C	46	0	23	28
221143213	C	T	65	0	47	4
221291237	G	T	58	0	27	24
222407994	C	T	51	0	28	27
222628108	A	G	54	0	30	20
224033479	A	T	54	0	29	25
224096985	G	T	62	0	35	22
224909331	C	T	68	0	26	30
226723494	G	A	58	0	26	27
227462545	G	A	83	0	24	25
227771686	G	C	70	0	25	25
228460639	C	T	50	0	30	32
228725421	G	A	72	0	30	21
228807248	A	G	63	0	38	20
229631643	T	G	60	0	37	22
230767218	C	A	53	0	39	23
231209767	G	C	58	0	35	27
233310408	G	A	64	0	25	30
233453056	A	C	50	0	31	35
233696185	C	T	60	0	37	24
233974826	A	G	64	0	25	21
235397978	G	T	67	0	35	34
235802533	C	T	66	0	44	20
236106926	G	A	61	0	36	31
236120219	T	G	47	0	32	16
236169729	G	A	65	0	28	21
236255982	G	A	57	0	34	32
236295183	C	T	73	0	35	27
237076758	G	T	66	0	33	33
239001984	G	T	61	0	19	21
239327918	T	G	60	0	34	23
239476791	G	T	55	0	39	33
239576237	C	T	55	0	37	28
240109943	G	A	50	0	34	32
240570790	T	G	81	0	40	19
241189455	G	A	59	0	36	33
242388314	C	T	54	0	36	33
242581980	G	A	66	0	31	20
244695806	C	T	46	0	36	33
245225763	G	A	60	0	34	30
245685822	C	A	57	0	23	27
