#pos	ref	alt	a_N	b_N	a_T	b_T
150	C	T	44	0	46	17
556779	A	G	57	0	31	18
558867	T	C	59	0	44	16
559737	C	T	55	0	35	21
1486324	G	A	67	0	45	13
2857140	C	T	52	0	32	11
4149358	C	T	61	0	37	15
6108425	G	A	71	0	32	19
6287040	C	T	63	0	27	18
6309595	G	A	63	0	48	15
11062042	T	C	50	0	36	20
11145953	A	C	62	0	26	12
11951633	C	T	67	0	37	14
15801874	T	C	46	0	19	45
16566934	T	G	57	0	27	45
16572678	C	A	65	0	19	44
16747377	C	T	159	0	129	41
17288242	G	T	58	0	23	42
18707142	T	A	54	0	18	46
20283134	A	T	62	0	18	48
22167516	C	T	104	0	73	33
23307238	A	T	73	0	21	59
27693488	G	C	42	0	18	35
27910482	C	T	57	0	22	47
28383427	G	T	51	0	20	38
34673235	C	T	76	0	16	58
34943752	T	A	67	0	21	41
35773076	G	A	73	0	23	48
35977629	C	A	67	0	25	56
36049670	C	A	74	0	25	57
39591764	C	G	72	0	17	53
43161464	G	C	63	0	30	15
44301125	A	G	56	0	34	15
45204716	G	A	58	0	29	11
46517198	G	A	62	0	32	16
48564780	C	A	48	0	29	16
50022972	G	A	60	0	30	14
50024994	A	C	52	0	44	13
52114369	A	T	67	0	38	17
52761885	A	C	64	0	31	16
54764848	A	G	59	0	41	11
57056756	C	T	52	0	40	22
61263719	A	G	52	0	33	23
64932180	G	A	47	0	35	14
67061162	G	T	58	0	41	20
67714987	T	C	46	0	31	18
68801174	A	G	67	0	38	13
68987724	T	C	64	0	27	12
69125785	T	G	71	0	36	8
69326830	G	T	61	0	35	15
69565947	G	A	61	0	29	18
70541027	G	A	64	0	44	17
70564107	G	A	65	0	31	14
73848527	C	T	70	0	36	15
74699534	C	T	68	0	40	25
75641754	C	T	62	0	37	19
76488200	C	A	69	0	49	10
76546575	C	T	57	0	38	18
76966781	C	T	43	0	36	15
77019338	C	A	55	0	37	18
78881941	G	T	51	0	16	42
80736480	C	T	58	0	19	50
80786722	A	C	81	0	15	48
81288297	G	T	62	0	15	61
81537097	T	C	58	0	16	44
81552786	G	A	52	0	17	50
82628757	C	A	56	0	29	47
83245388	G	A	70	0	13	60
86282044	G	A	41	0	24	46
87508765	C	T	47	0	16	35
91628474	G	T	64	0	17	38
93058503	T	C	61	0	21	50
99011105	C	A	53	0	30	40
100463993	T	A	39	0	18	49
104157232	G	A	63	0	18	51
105978620	C	A	52	0	16	46
105978717	T	A	53	0	20	49
106769684	C	T	58	0	17	40
107469364	A	T	59	0	18	43
108596533	A	T	120	0	91	53
111818919	G	C	53	0	30	48
114582686	G	A	66	0	39	13
116450610	C	G	61	0	44	18
116758424	C	T	71	0	43	20
117353413	C	A	80	0	28	14
117907374	A	C	62	0	27	11
118738158	G	A	55	0	27	7
119095912	G	A	66	0	30	11
119680923	C	A	67	0	40	22
120687577	G	A	77	0	56	17
121043647	T	G	63	0	32	3
142794820	C	T	51	0	31	16
143675731	T	A	62	0	38	12
143917639	C	A	57	0	39	76
144526663	G	A	127	1	87	32
146634904	C	G	99	0	52	18
148202120	C	T	52	0	24	53
155536803	A	G	54	0	29	55
157702543	G	T	60	0	12	51
157791587	G	A	69	0	10	84
162242705	G	A	52	0	37	12
163130056	A	T	62	0	42	9
164491278	A	C	58	0	41	13
166102629	G	A	55	0	37	10
166692941	T	C	61	0	35	14
167123359	G	A	54	0	36	20
167234140	G	A	64	0	41	16
168217387	T	C	72	0	33	13
169162280	G	T	50	0	36	9
169927447	C	A	40	0	26	12
169985347	T	A	64	0	35	13
171582026	C	T	62	0	42	21
175085672	C	G	64	0	42	16
175336025	G	T	55	0	38	21
175401939	C	A	66	0	39	15
177778917	G	T	58	0	32	11
178207649	A	G	73	0	37	13
178820143	G	T	58	0	38	9
179749509	C	T	47	0	42	12
183811768	C	A	53	0	32	16
184353000	G	T	73	0	34	15
185053557	C	A	65	0	35	15
185719178	G	T	65	0	37	13
187146295	G	A	55	0	37	15
187756887	C	A	62	0	36	13
187829553	G	T	52	0	34	12
188429027	G	T	61	0	25	7
188480588	T	A	68	0	34	17
189305807	A	T	68	0	45	9
190355205	C	T	53	0	39	19
191281109	G	C	59	0	28	17
193369326	A	T	64	0	24	59
194283680	C	A	50	0	19	49
202892791	C	T	73	0	21	47
203126329	C	T	59	0	21	79
205580821	G	T	56	0	21	74
209512576	A	T	47	0	24	41
209640918	A	G	62	0	17	48
212942050	C	T	55	0	19	76
213169665	G	T	55	0	26	9
214380812	G	A	55	0	18	51
216606251	T	G	60	0	24	64
217838490	C	T	58	0	14	81
220174184	A	C	73	0	17	65
220506775	C	A	61	0	17	73
220981874	T	C	61	0	28	66
221143213	C	T	63	0	39	15
221291237	G	T	58	0	23	55
222407994	C	T	64	0	16	52
224033479	A	T	61	0	40	11
224096985	G	T	58	0	31	14
224909331	C	T	55	0	38	13
226723494	G	A	58	0	37	23
227462545	G	A	57	0	34	17
227771686	G	C	60	0	36	14
228460639	C	T	49	0	32	15
228725421	G	A	66	0	31	10
228807248	A	G	54	0	33	11
229631643	T	G	52	0	40	17
230767218	C	A	45	0	36	18
231209767	G	C	57	0	36	20
233310408	G	A	52	0	30	16
233453056	A	C	60	0	37	24
233696185	C	T	61	0	30	12
233974826	A	G	62	0	36	15
235397978	G	T	78	0	45	18
235802533	C	T	64	0	48	13
236106926	G	A	69	0	36	20
236120219	T	G	61	0	35	16
236169729	G	A	57	0	38	15
236255982	G	A	78	0	36	10
236295183	C	T	63	0	46	13
237076758	G	T	66	0	47	13
239001984	G	T	72	0	37	15
239327918	T	G	50	0	33	12
239476791	G	T	70	0	32	13
239576237	C	T	61	0	39	19
240109943	G	A	51	0	33	16
240570790	T	G	51	0	40	19
241189455	G	A	54	0	38	9
242388314	C	T	70	0	25	24
242581980	G	A	60	0	46	20
244695806	C	T	56	0	42	15
245225763	G	A	72	0	38	20
245685822	C	A	65	0	21	21
