#pos	ref	alt	a_N	b_N	a_T	b_T
150	C	T	69	0	55	11
556779	A	G	68	0	65	16
558867	T	C	55	0	54	11
559737	C	T	68	0	63	8
1486324	G	A	78	0	58	13
2857140	C	T	38	0	64	12
4149358	C	T	62	0	49	16
6108425	G	A	60	0	51	12
6287040	C	T	70	0	63	9
6309595	G	A	59	0	57	7
11062042	T	C	62	0	69	5
11145953	A	C	58	0	56	9
11951633	C	T	53	0	47	12
15801874	T	C	65	1	66	6
16020809	T	C	58	0	45	14
16566934	T	G	59	0	75	13
16572678	C	A	57	0	64	12
16693710	G	A	62	0	55	16
16747377	C	T	167	0	162	14
16881046	T	A	83	0	62	8
17288242	G	T	70	0	63	12
18707142	T	A	63	0	55	7
20283134	A	T	53	0	67	14
20918547	C	T	46	0	64	11
22167516	C	T	84	0	79	12
23307238	A	T	57	0	41	12
23348187	T	A	53	0	59	16
25595430	A	C	70	0	83	8
25996272	G	A	68	0	57	11
26622485	C	T	57	0	50	10
27641044	G	A	62	0	58	11
27648589	T	C	60	0	60	10
27693488	G	C	86	0	62	13
27910482	C	T	49	0	63	9
28383427	G	T	54	0	62	12
34360871	C	A	64	0	60	6
34673235	C	T	53	0	53	18
34943752	T	A	50	0	67	8
34961035	C	T	60	0	63	15
35773076	G	A	71	0	56	7
35977629	C	A	62	0	73	11
36049670	C	A	52	0	51	13
37101443	G	T	71	0	54	17
38637666	T	C	65	0	49	10
39591764	C	G	58	0	52	12
40220833	G	T	71	0	61	11
40795381	C	A	46	0	63	7
44301125	A	G	63	0	55	11
46517198	G	A	69	0	55	14
52761885	A	C	61	0	44	11
54764848	A	G	58	0	43	11
67061162	G	T	60	0	49	10
67714987	T	C	66	0	42	13
68987724	T	C	51	0	52	9
69125785	T	G	62	0	50	10
70541027	G	A	53	0	45	17
73848527	C	T	55	0	46	11
76488200	C	A	52	0	48	11
78881941	G	T	67	0	54	4
79716326	C	T	47	0	51	5
80331848	G	T	76	0	43	9
80513240	C	A	72	0	54	7
80736480	C	T	43	0	46	7
80786722	A	C	57	0	54	4
81288297	G	T	68	0	50	7
81537097	T	C	71	0	49	4
81552786	G	A	57	0	48	10
82628757	C	A	50	0	70	3
83245388	G	A	66	0	72	7
85333330	G	A	63	0	45	8
85892082	C	G	68	0	54	6
85995546	C	T	57	0	63	5
86035502	G	A	66	0	48	4
86282044	G	A	57	0	59	5
87204053	T	A	68	0	44	7
87508765	C	T	53	0	66	10
88128357	G	A	71	0	46	6
90680557	A	G	79	0	47	3
91628474	G	T	61	0	51	9
91853636	G	T	59	0	44	7
93058503	T	C	62	0	56	6
93192515	C	T	56	0	60	6
99011105	C	A	70	0	44	5
100463993	T	A	82	0	47	3
104157232	G	A	68	0	60	7
105978620	C	A	69	0	48	5
105978717	T	A	67	0	46	6
106769684	C	T	52	0	34	5
107469364	A	T	54	0	43	3
108596533	A	T	115	0	92	4
111818919	G	C	78	0	41	7
114582686	G	A	57	0	51	8
117353413	C	A	56	0	49	5
119095912	G	A	64	0	46	4
119680923	C	A	61	0	44	6
142381526	G	A	76	0	49	4
142794820	C	T	56	0	65	9
143675731	T	A	74	0	70	19
143917639	C	A	86	0	78	14
144526663	G	A	101	0	97	10
147122486	A	G	69	0	57	13
148202120	C	T	50	0	51	12
148553915	G	T	67	0	60	8
148815709	G	A	75	0	67	15
150715850	C	T	65	0	58	10
150832478	A	T	52	0	57	10
151157835	G	A	78	0	51	12
152075363	G	T	63	0	68	13
153140293	G	A	56	0	61	13
155503003	T	G	58	0	69	14
155536803	A	G	54	0	51	16
155970715	C	A	54	0	56	15
156322594	C	T	50	0	66	11
156875325	G	T	68	0	61	17
157233036	A	G	65	0	38	15
157299085	G	T	51	0	66	15
157638211	G	A	57	0	55	9
157702543	G	T	52	0	42	15
157791587	G	A	58	0	49	8
158566531	G	A	60	0	62	7
162242705	G	A	52	0	60	8
163130056	A	T	74	0	65	9
164491278	A	C	68	0	50	11
166102629	G	A	53	0	58	12
166692941	T	C	58	0	61	10
167123359	G	A	51	0	48	11
167234140	G	A	71	0	79	10
168217387	T	C	59	0	70	12
169162280	G	T	53	0	56	13
169927447	C	A	66	0	57	10
169985347	T	A	69	0	53	18
171582026	C	T	54	0	61	14
175085672	C	G	65	0	70	6
175336025	G	T	61	0	57	8
175401939	C	A	49	0	62	9
177778917	G	T	77	0	60	14
178207649	A	G	74	0	66	17
178820143	G	T	56	0	56	11
179749509	C	T	68	0	61	10
183811768	C	A	76	0	60	15
184353000	G	T	67	0	65	18
185053557	C	A	63	0	64	9
185719178	G	T	65	0	65	13
187146295	G	A	70	0	59	14
187756887	C	A	46	0	63	8
187829553	G	T	68	0	64	11
188429027	G	T	64	0	66	10
188480588	T	A	58	0	64	15
189305807	A	T	54	0	62	8
190355205	C	T	58	0	53	11
192068898	C	T	63	0	44	13
193824454	G	A	69	0	49	16
193832389	G	A	61	0	41	11
194408792	G	A	53	0	62	9
195890907	A	G	55	0	54	11
198560885	G	A	54	0	47	9
198825382	A	T	58	0	62	6
199032422	G	T	57	0	63	6
204612951	T	C	47	0	38	7
205580821	G	T	66	0	54	6
207908397	A	C	55	0	61	8
209512576	A	T	54	0	51	4
209578956	C	A	70	0	42	10
209640918	A	G	58	0	45	9
210134563	G	T	61	0	44	8
212974570	G	A	66	0	47	4
216766508	G	A	56	0	45	4
217341205	C	T	54	0	43	8
220376764	C	A	64	0	52	3
222628108	A	G	68	0	40	4
224096985	G	T	64	0	54	4
226723494	G	A	54	0	50	6
227462545	G	A	47	0	45	4
227771686	G	C	65	0	40	9
228807248	A	G	64	0	42	10
233310408	G	A	75	0	33	7
233974826	A	G	66	0	36	5
235397978	G	T	52	0	41	3
236106926	G	A	58	0	51	5
236120219	T	G	46	0	45	7
236169729	G	A	56	0	55	6
236255982	G	A	80	0	39	9
236295183	C	T	66	0	41	4
239001984	G	T	58	0	47	3
240109943	G	A	62	0	53	3
241189455	G	A	57	0	39	8
242581980	G	A	73	0	44	6
245225763	G	A	53	0	38	5
