#pos	ref	alt	a_N	b_N	a_T	b_T
150	C	T	64	0	55	41
556779	A	G	82	0	33	40
558867	T	C	60	0	64	46
559737	C	T	63	0	71	35
1486324	G	A	68	0	50	46
2857140	C	T	56	0	71	33
4149358	C	T	60	0	58	47
6108425	G	A	55	0	37	44
6287040	C	T	58	0	51	44
6309595	G	A	73	0	59	38
11062042	T	C	70	0	54	38
11145953	A	C	49	0	61	22
11951633	C	T	71	0	54	44
15801874	T	C	71	1	49	42
16020809	T	C	58	0	48	41
16566934	T	G	55	0	53	65
16572678	C	A	67	0	52	35
16693710	G	A	40	0	57	47
16747377	C	T	159	0	178	44
16881046	T	A	66	0	68	43
17288242	G	T	64	0	54	49
18707142	T	A	55	0	62	39
20283134	A	T	75	0	55	40
20918547	C	T	70	0	60	45
22167516	C	T	101	0	110	46
23307238	A	T	44	0	66	48
23348187	T	A	75	0	47	40
25595430	A	C	68	0	75	38
25996272	G	A	69	0	51	36
26622485	C	T	78	0	61	39
27641044	G	A	61	0	61	36
27648589	T	C	58	0	60	46
27693488	G	C	54	0	52	37
27910482	C	T	55	0	60	38
28383427	G	T	58	0	70	45
34360871	C	A	79	0	59	36
34673235	C	T	64	0	50	43
34943752	T	A	84	0	52	50
34961035	C	T	74	0	58	39
35773076	G	A	65	0	50	37
35977629	C	A	61	0	54	32
36049670	C	A	61	0	52	51
37101443	G	T	72	0	45	55
38637666	T	C	51	0	53	48
39591764	C	G	55	0	55	49
40220833	G	T	55	0	58	37
40795381	C	A	63	0	57	39
43161464	G	C	67	0	48	51
44301125	A	G	62	0	9	35
46517198	G	A	59	0	14	35
52114369	A	T	54	0	28	31
52761885	A	C	65	0	32	19
54764848	A	G	62	0	29	16
57056756	C	T	62	0	40	23
61263719	A	G	72	0	19	22
64932180	G	A	60	0	34	17
67061162	G	T	50	0	30	28
67714987	T	C	44	0	42	16
68801174	A	G	62	0	41	15
68987724	T	C	59	0	38	18
69125785	T	G	59	0	38	16
69326830	G	T	61	0	25	26
69565947	G	A	69	0	35	18
70541027	G	A	60	0	29	17
70564107	G	A	63	0	31	20
73848527	C	T	72	0	25	23
74699534	C	T	68	0	21	21
75641754	C	T	60	0	28	24
76488200	C	A	74	0	23	28
76546575	C	T	65	0	32	17
76966781	C	T	49	0	36	22
77019338	C	A	57	0	37	15
78881941	G	T	53	0	39	28
79716326	C	T	60	0	30	32
80331848	G	T	66	0	32	24
80513240	C	A	50	0	35	22
80736480	C	T	65	0	36	13
80786722	A	C	61	0	36	33
81288297	G	T	68	0	30	15
81537097	T	C	67	0	36	22
81552786	G	A	73	0	29	28
82628757	C	A	62	0	29	19
83245388	G	A	64	0	29	28
85333330	G	A	54	0	36	13
85892082	C	G	53	0	30	21
85995546	C	T	65	0	31	14
86035502	G	A	61	0	36	17
86282044	G	A	50	0	24	21
87508765	C	T	60	0	9	17
91628474	G	T	61	0	16	26
93058503	T	C	58	0	6	27
99011105	C	A	61	0	16	24
100463993	T	A	56	0	11	17
104157232	G	A	65	0	18	34
105978620	C	A	59	0	8	23
105978717	T	A	64	0	21	14
106769684	C	T	70	0	11	18
107469364	A	T	56	0	9	16
108596533	A	T	118	0	47	12
111818919	G	C	66	0	11	24
114582686	G	A	70	0	13	20
117353413	C	A	79	0	8	28
119095912	G	A	74	0	10	24
119680923	C	A	65	0	12	24
121043647	T	G	58	0	12	5
142381526	G	A	76	0	55	20
142794820	C	T	61	0	41	33
143675731	T	A	76	0	64	40
143917639	C	A	79	0	48	45
144526663	G	A	116	0	129	46
146634904	C	G	84	0	107	14
147122486	A	G	66	0	70	49
148202120	C	T	70	0	37	51
148553915	G	T	59	0	49	43
148815709	G	A	67	0	49	33
150715850	C	T	55	0	44	39
150832478	A	T	60	0	51	55
151157835	G	A	57	0	57	44
152075363	G	T	54	0	58	39
153140293	G	A	72	0	63	42
155503003	T	G	69	0	43	37
155536803	A	G	58	0	45	27
155970715	C	A	62	0	55	37
156322594	C	T	52	0	58	40
156875325	G	T	52	0	43	46
157233036	A	G	54	0	41	43
157299085	G	T	57	0	50	45
157638211	G	A	77	0	36	35
157702543	G	T	45	0	64	31
157791587	G	A	63	0	63	42
158566531	G	A	62	0	52	36
162242705	G	A	68	0	16	43
163130056	A	T	56	0	8	34
164491278	A	C	71	0	13	42
166102629	G	A	53	0	9	43
169162280	G	T	43	0	12	42
169927447	C	A	64	0	5	27
175085672	C	G	60	0	9	45
177778917	G	T	58	0	11	55
178207649	A	G	47	0	16	47
183811768	C	A	56	0	13	26
184353000	G	T	56	0	15	35
185053557	C	A	58	0	16	30
185719178	G	T	58	0	10	49
187756887	C	A	65	0	9	49
188429027	G	T	71	0	12	46
189305807	A	T	79	0	4	37
192068898	C	T	61	0	10	44
193824454	G	A	64	0	10	39
193832389	G	A	56	0	4	43
194408792	G	A	55	0	16	45
195890907	A	G	60	0	8	48
198560885	G	A	66	0	7	50
198825382	A	T	54	0	11	44
199032422	G	T	67	0	8	35
202892791	C	T	54	0	39	17
203126329	C	T	66	0	44	25
204612951	T	C	51	0	31	19
205580821	G	T	61	0	38	24
207908397	A	C	77	0	32	27
209512576	A	T	75	0	35	20
209578956	C	A	70	0	29	19
209640918	A	G	69	0	37	17
210134563	G	T	65	0	34	30
212942050	C	T	65	0	35	21
212974570	G	A	57	0	35	24
213010451	C	T	64	0	26	29
214380812	G	A	62	0	29	21
216766508	G	A	55	0	13	17
217341205	C	T	69	0	11	19
220376764	C	A	67	0	10	23
222628108	A	G	60	0	10	22
224096985	G	T	60	0	14	20
226723494	G	A	59	0	12	24
227462545	G	A	61	0	4	20
227771686	G	C	60	0	16	14
228807248	A	G	64	0	11	8
233310408	G	A	64	0	11	20
233974826	A	G	59	0	14	23
235397978	G	T	67	0	4	24
236106926	G	A	63	0	11	21
236120219	T	G	78	0	13	21
236169729	G	A	42	0	7	21
236255982	G	A	59	0	15	18
236295183	C	T	66	0	9	25
239001984	G	T	66	0	10	16
240109943	G	A	68	0	10	25
241189455	G	A	65	0	10	16
242581980	G	A	67	0	8	27
245225763	G	A	65	0	14	28
