#pos	ref	alt	a_N	b_N	a_T	b_T
150	C	T	61	0	46	13
556779	A	G	65	0	40	13
558867	T	C	65	0	44	14
559737	C	T	66	0	40	8
1486324	G	A	65	0	37	18
2857140	C	T	57	0	26	13
4149358	C	T	67	0	44	17
6108425	G	A	55	0	30	7
6287040	C	T	53	0	25	16
6309595	G	A	65	0	46	14
11062042	T	C	57	0	30	42
16566934	T	G	60	0	23	35
16572678	C	A	56	0	22	45
16747377	C	T	116	0	113	35
17288242	G	T	67	0	22	42
18707142	T	A	62	0	26	48
20283134	A	T	69	0	31	26
22167516	C	T	95	0	53	48
23307238	A	T	65	0	27	41
27693488	G	C	58	0	23	40
27910482	C	T	59	0	30	35
28383427	G	T	74	0	41	16
34360871	C	A	59	0	41	10
34673235	C	T	44	0	25	16
34943752	T	A	48	0	47	11
34961035	C	T	77	0	43	11
35773076	G	A	61	0	50	12
35977629	C	A	70	0	39	11
36049670	C	A	50	0	39	11
37101443	G	T	52	0	42	11
38637666	T	C	64	0	39	15
39591764	C	G	61	0	41	16
40220833	G	T	46	0	35	9
40795381	C	A	65	0	40	11
43161464	G	C	55	0	47	9
44301125	A	G	64	0	31	7
45204716	G	A	62	0	31	13
46517198	G	A	70	0	32	17
48564780	C	A	63	0	42	12
50022972	G	A	69	0	49	10
50024994	A	C	55	0	40	14
52114369	A	T	59	0	39	13
52761885	A	C	61	0	40	17
54764848	A	G	59	0	34	11
57056756	C	T	66	0	42	12
61263719	A	G	69	0	38	16
64932180	G	A	71	0	46	18
67061162	G	T	47	0	27	36
67714987	T	C	60	0	34	34
68987724	T	C	62	0	22	44
69125785	T	G	56	0	32	45
70541027	G	A	66	0	29	38
73848527	C	T	71	0	19	39
76488200	C	A	64	0	26	46
78881941	G	T	63	0	26	36
80736480	C	T	67	0	25	47
80786722	A	C	65	0	24	35
81288297	G	T	59	0	29	37
81537097	T	C	58	0	20	42
81552786	G	A	60	0	29	31
82628757	C	A	61	0	28	32
83245388	G	A	56	0	22	51
86282044	G	A	58	0	29	41
87508765	C	T	41	0	25	32
91628474	G	T	38	0	27	32
93058503	T	C	54	0	22	49
99011105	C	A	67	0	27	45
100463993	T	A	56	0	21	37
102857617	G	A	63	0	36	10
103196714	T	A	64	0	35	12
104157232	G	A	61	0	37	17
104690287	G	C	53	0	39	9
105978620	C	A	55	0	41	20
105978717	T	A	59	0	38	15
106338353	T	C	67	0	43	14
106769684	C	T	57	0	37	11
107469364	A	T	58	0	42	18
108596533	A	T	136	0	102	20
109570824	T	A	64	0	39	9
110511338	C	A	63	0	45	18
111818919	G	C	58	0	32	8
113124500	C	T	54	0	41	8
114582686	G	A	60	0	39	15
116450610	C	G	56	0	51	18
116758424	C	T	71	0	47	16
117353413	C	A	47	0	29	12
117907374	A	C	68	0	42	9
118738158	G	A	66	0	48	17
119095912	G	A	63	0	36	11
119680923	C	A	57	0	38	18
120687577	G	A	84	0	58	7
142381526	G	A	58	0	30	12
142794820	C	T	52	0	35	10
143675731	T	A	77	0	50	11
143917639	C	A	74	0	43	16
144526663	G	A	92	0	83	13
146634904	C	G	67	0	69	4
147122486	A	G	63	0	46	9
148202120	C	T	65	0	34	11
148553915	G	T	73	0	42	11
148815709	G	A	59	0	32	6
150715850	C	T	70	0	35	11
150832478	A	T	56	0	40	12
151157835	G	A	64	0	40	15
152075363	G	T	71	0	46	15
153140293	G	A	70	0	46	19
155503003	T	G	65	0	45	16
155536803	A	G	63	0	35	10
155970715	C	A	63	0	47	18
156322594	C	T	49	0	34	10
156875325	G	T	55	0	41	14
157233036	A	G	75	0	42	14
157299085	G	T	73	0	29	7
157638211	G	A	61	0	39	13
157702543	G	T	57	0	41	23
157791587	G	A	58	0	26	18
158566531	G	A	66	0	34	11
162242705	G	A	51	0	39	15
163130056	A	T	48	0	22	49
164491278	A	C	72	0	24	39
166102629	G	A	67	0	31	55
169162280	G	T	53	0	29	43
169927447	C	A	60	0	28	29
175085672	C	G	55	0	22	49
177778917	G	T	73	0	31	40
178207649	A	G	58	0	25	63
183811768	C	A	69	0	27	55
184353000	G	T	62	0	29	50
185053557	C	A	52	0	20	54
185719178	G	T	69	0	33	64
187756887	C	A	58	0	22	48
188429027	G	T	59	0	17	50
189305807	A	T	54	0	34	34
191281109	G	C	80	0	31	11
192068898	C	T	65	0	34	14
193369326	A	T	49	0	50	16
193824454	G	A	63	0	37	16
193832389	G	A	57	0	40	11
194283680	C	A	54	0	30	18
194408792	G	A	72	0	42	14
195890907	A	G	63	0	36	15
202892791	C	T	62	0	28	64
203126329	C	T	62	0	32	48
205580821	G	T	52	0	27	57
209512576	A	T	57	0	21	50
209640918	A	G	79	0	22	42
212942050	C	T	49	0	27	57
213169665	G	T	70	0	30	6
214380812	G	A	64	0	23	53
216606251	T	G	52	0	22	54
217838490	C	T	66	0	30	44
220174184	A	C	63	0	29	58
220506775	C	A	64	0	25	45
220981874	T	C	62	0	17	61
221143213	C	T	75	0	29	7
221291237	G	T	67	0	29	51
222407994	C	T	67	0	30	53
224033479	A	T	78	0	25	53
224909331	C	T	51	0	24	40
226723494	G	A	55	0	55	24
227462545	G	A	63	0	35	23
227771686	G	C	71	0	45	9
228460639	C	T	67	0	52	16
228725421	G	A	70	0	49	12
228807248	A	G	57	0	38	17
229631643	T	G	74	0	45	11
230767218	C	A	71	0	40	13
231209767	G	C	63	0	44	11
233310408	G	A	60	0	36	18
233453056	A	C	60	0	38	18
233696185	C	T	59	0	35	11
233974826	A	G	55	0	36	14
235397978	G	T	64	0	36	15
235802533	C	T	53	0	43	16
236106926	G	A	62	0	33	13
236120219	T	G	69	0	31	11
236169729	G	A	65	0	31	5
236255982	G	A	68	0	42	17
236295183	C	T	65	0	31	11
237076758	G	T	57	0	30	11
239001984	G	T	72	0	46	11
239327918	T	G	73	0	37	14
239476791	G	T	53	0	40	17
239576237	C	T	51	0	48	12
240109943	G	A	64	0	40	13
240570790	T	G	70	0	36	13
241189455	G	A	61	0	45	10
242388314	C	T	66	0	52	9
242581980	G	A	53	0	31	12
244695806	C	T	63	0	40	16
245225763	G	A	55	0	29	12
245685822	C	A	59	0	37	20
