#pos	ref	alt	a_N	b_N	a_T	b_T
150	C	T	64	0	48	10
556779	A	G	56	0	48	6
1486324	G	A	66	0	59	6
2857140	C	T	61	0	32	8
6309595	G	A	59	0	47	13
11062042	T	C	64	0	40	9
15801874	T	C	78	1	55	8
16566934	T	G	54	0	46	8
16572678	C	A	63	0	53	7
16747377	C	T	150	0	115	8
17288242	G	T	53	0	50	9
18707142	T	A	72	0	46	13
20283134	A	T	59	0	42	8
22167516	C	T	106	0	84	11
23307238	A	T	56	0	53	6
27693488	G	C	61	0	43	8
27910482	C	T	61	0	59	6
28383427	G	T	55	0	40	11
34673235	C	T	66	0	51	7
34943752	T	A	69	0	54	9
35773076	G	A	65	0	48	8
35977629	C	A	64	0	45	5
36049670	C	A	74	0	54	10
39591764	C	G	53	0	47	9
43161464	G	C	54	0	43	9
45204716	G	A	71	0	46	10
48564780	C	A	55	0	63	7
50022972	G	A	66	0	56	14
50024994	A	C	67	0	51	10
52114369	A	T	70	0	69	6
52761885	A	C	64	0	55	8
54764848	A	G	64	0	68	10
57056756	C	T	70	0	64	12
61263719	A	G	70	0	63	5
64932180	G	A	55	0	63	10
67061162	G	T	60	0	68	9
67714987	T	C	73	0	51	15
68801174	A	G	60	0	49	9
68987724	T	C	56	0	62	12
69125785	T	G	44	0	52	16
69326830	G	T	54	0	57	4
69565947	G	A	76	0	61	7
70541027	G	A	63	0	65	9
70564107	G	A	69	0	67	6
73848527	C	T	60	0	58	6
74699534	C	T	65	0	42	17
75641754	C	T	52	0	61	11
76546575	C	T	76	0	63	9
76966781	C	T	61	0	55	12
77019338	C	A	60	0	39	10
79716326	C	T	45	0	38	10
80331848	G	T	44	0	46	11
80513240	C	A	63	0	45	12
85333330	G	A	84	0	42	8
85892082	C	G	54	0	67	11
85995546	C	T	57	0	43	7
86035502	G	A	52	0	64	8
87204053	T	A	58	0	49	16
88128357	G	A	67	0	53	13
90680557	A	G	68	0	53	9
91853636	G	T	55	0	51	11
93192515	C	T	67	0	39	12
99011105	C	A	44	0	56	14
100184452	C	T	60	0	56	12
100463993	T	A	60	0	60	8
101857031	G	A	50	0	53	12
102097505	G	A	73	0	58	14
102857617	G	A	67	0	36	10
103196714	T	A	72	0	46	17
104690287	G	C	51	0	36	8
106338353	T	C	71	0	43	14
109570824	T	A	62	0	52	8
110511338	C	A	61	0	47	8
113124500	C	T	67	0	53	11
116450610	C	G	60	0	51	8
116758424	C	T	70	0	42	13
117907374	A	C	70	0	56	7
118738158	G	A	68	0	50	11
120687577	G	A	88	0	77	9
147122486	A	G	57	0	51	6
148553915	G	T	74	0	43	15
148815709	G	A	60	0	55	9
150715850	C	T	56	0	48	10
150832478	A	T	57	0	53	7
151157835	G	A	60	0	58	7
152075363	G	T	50	0	51	14
153140293	G	A	63	0	35	11
155503003	T	G	52	0	38	11
155970715	C	A	53	0	47	8
156322594	C	T	58	0	47	11
156875325	G	T	58	0	57	10
157233036	A	G	62	0	68	12
157299085	G	T	59	0	55	12
157638211	G	A	62	0	54	10
157702543	G	T	59	0	59	12
157791587	G	A	51	0	73	7
158566531	G	A	59	0	58	10
162242705	G	A	64	0	66	6
163130056	A	T	56	0	64	9
164491278	A	C	56	0	64	11
166102629	G	A	51	0	62	9
166692941	T	C	72	0	52	12
167123359	G	A	49	0	51	13
167234140	G	A	69	0	51	7
168217387	T	C	56	0	55	14
169162280	G	T	77	0	58	3
169985347	T	A	59	0	61	6
171582026	C	T	67	0	71	10
175085672	C	G	63	0	53	11
175336025	G	T	62	0	54	10
175401939	C	A	66	0	60	9
177778917	G	T	48	0	67	5
178207649	A	G	55	0	50	9
178820143	G	T	73	0	57	11
179749509	C	T	58	0	47	12
183811768	C	A	56	0	56	8
184353000	G	T	68	0	52	7
187146295	G	A	60	0	44	16
187829553	G	T	65	0	50	6
188480588	T	A	58	0	48	14
190355205	C	T	63	0	60	11
191281109	G	C	62	0	48	11
193369326	A	T	65	0	48	15
194283680	C	A	61	0	40	14
198560885	G	A	64	0	62	5
198825382	A	T	38	0	51	9
199032422	G	T	53	0	57	9
202892791	C	T	47	0	54	11
203126329	C	T	52	0	58	7
204612951	T	C	61	0	49	6
205580821	G	T	58	0	51	14
207908397	A	C	55	0	67	10
209512576	A	T	59	0	66	13
209578956	C	A	70	0	73	12
209640918	A	G	55	0	47	11
210134563	G	T	61	0	57	11
212942050	C	T	76	0	47	13
212974570	G	A	69	0	66	10
213010451	C	T	49	0	62	12
214380812	G	A	74	0	62	16
216606251	T	G	57	0	57	7
216766508	G	A	70	0	57	7
217341205	C	T	70	0	57	8
217838490	C	T	65	0	59	11
220174184	A	C	44	0	51	10
220506775	C	A	69	0	54	9
220981874	T	C	77	0	54	9
221291237	G	T	64	0	55	6
222407994	C	T	79	0	50	7
224033479	A	T	68	0	40	11
224909331	C	T	61	0	45	5
228460639	C	T	61	0	61	17
228725421	G	A	61	0	62	17
229631643	T	G	51	0	38	7
230767218	C	A	52	0	54	19
231209767	G	C	65	0	43	16
233453056	A	C	73	0	49	10
233696185	C	T	57	0	40	9
235802533	C	T	68	0	42	12
237076758	G	T	53	0	45	10
239327918	T	G	58	0	50	17
239476791	G	T	45	0	52	10
239576237	C	T	59	0	54	16
240570790	T	G	68	0	63	3
242388314	C	T	63	0	48	16
244695806	C	T	77	0	57	13
245685822	C	A	57	0	48	12
