#pos	ref	alt	a_N	b_N	a_T	b_T
150	C	T	38	0	28	24
556779	A	G	58	0	35	20
558867	T	C	65	0	31	19
559737	C	T	86	0	23	27
1486324	G	A	65	0	28	19
2857140	C	T	47	0	24	30
4149358	C	T	82	0	30	26
6108425	G	A	64	0	36	26
6287040	C	T	45	0	28	21
6309595	G	A	65	0	24	19
11062042	T	C	58	0	28	22
11145953	A	C	49	0	38	24
11951633	C	T	55	0	33	24
15801874	T	C	61	0	30	18
16020809	T	C	69	0	34	26
16566934	T	G	55	0	37	24
16572678	C	A	55	0	35	17
16693710	G	A	58	0	35	22
16747377	C	T	144	0	95	15
16881046	T	A	74	0	47	19
17288242	G	T	63	0	21	27
18707142	T	A	59	0	29	25
20283134	A	T	67	0	27	17
20918547	C	T	50	0	31	27
22167516	C	T	87	0	56	18
23307238	A	T	49	0	23	19
23348187	T	A	63	0	28	20
25595430	A	C	79	0	33	20
25996272	G	A	48	0	37	18
26622485	C	T	60	0	23	26
27641044	G	A	81	0	35	19
27648589	T	C	63	0	46	21
27693488	G	C	80	0	26	16
27910482	C	T	50	0	36	23
28383427	G	T	47	0	21	26
34360871	C	A	66	0	31	31
34673235	C	T	50	0	13	73
34943752	T	A	64	0	12	70
35773076	G	A	50	0	11	71
35977629	C	A	71	0	9	71
36049670	C	A	54	0	7	59
39591764	C	G	67	0	9	70
43161464	G	C	76	0	11	63
44301125	A	G	65	0	29	23
45204716	G	A	53	0	42	29
46517198	G	A	51	0	38	14
48564780	C	A	58	0	29	29
50022972	G	A	59	0	33	25
50024994	A	C	44	0	37	16
52761885	A	C	71	0	12	63
54764848	A	G	65	0	9	71
67061162	G	T	65	0	9	72
67714987	T	C	61	0	6	61
68987724	T	C	59	0	9	46
69125785	T	G	73	0	11	68
70541027	G	A	46	0	19	53
73848527	C	T	54	0	9	66
76488200	C	A	60	0	8	62
78881941	G	T	68	0	14	69
80736480	C	T	55	0	14	48
80786722	A	C	63	0	8	60
81288297	G	T	63	0	7	59
81537097	T	C	57	0	9	68
81552786	G	A	62	0	11	67
82628757	C	A	54	0	6	55
83245388	G	A	70	0	7	66
86282044	G	A	73	0	10	69
87204053	T	A	70	0	34	21
87508765	C	T	62	0	39	21
88128357	G	A	48	0	37	26
90680557	A	G	63	0	28	29
91628474	G	T	61	0	30	17
91853636	G	T	54	0	30	20
93058503	T	C	55	0	39	16
93192515	C	T	66	0	38	16
99011105	C	A	56	0	33	15
100184452	C	T	60	0	27	13
100463993	T	A	72	0	23	22
101857031	G	A	69	0	25	15
102097505	G	A	61	0	40	23
102857617	G	A	60	0	28	13
103196714	T	A	71	0	31	17
104157232	G	A	70	0	22	18
104690287	G	C	70	0	36	18
105978620	C	A	61	0	33	36
105978717	T	A	63	0	30	19
106338353	T	C	52	0	41	26
106769684	C	T	73	0	40	20
107469364	A	T	71	0	31	16
108596533	A	T	115	0	87	24
109570824	T	A	46	0	31	14
110511338	C	A	59	0	33	18
111818919	G	C	44	0	32	23
113124500	C	T	63	0	31	14
114582686	G	A	59	0	21	21
116450610	C	G	63	0	41	17
116758424	C	T	56	0	23	18
117353413	C	A	61	0	32	31
117907374	A	C	61	0	33	19
118738158	G	A	53	0	29	21
119095912	G	A	51	0	43	19
119680923	C	A	58	0	33	25
120687577	G	A	89	0	54	13
121043647	T	G	46	0	27	5
142381526	G	A	64	0	40	4
142794820	C	T	59	0	28	20
143675731	T	A	55	0	53	26
143917639	C	A	79	0	17	88
144526663	G	A	112	0	81	85
146634904	C	G	87	0	60	19
148202120	C	T	67	0	10	104
155536803	A	G	75	0	18	75
157702543	G	T	65	0	9	112
157791587	G	A	77	0	12	71
162242705	G	A	71	0	38	20
163130056	A	T	67	0	23	23
164491278	A	C	48	0	25	30
166102629	G	A	66	0	40	26
166692941	T	C	68	0	42	21
167123359	G	A	67	0	27	24
167234140	G	A	67	0	34	17
168217387	T	C	62	0	30	20
169162280	G	T	73	0	35	21
169927447	C	A	51	0	30	11
169985347	T	A	75	0	38	23
171582026	C	T	62	0	19	31
175085672	C	G	69	0	31	21
175336025	G	T	69	0	25	12
175401939	C	A	55	0	34	24
177778917	G	T	65	0	30	21
178207649	A	G	53	0	26	21
178820143	G	T	54	0	35	21
179749509	C	T	68	0	33	23
183811768	C	A	63	0	32	22
184353000	G	T	61	0	31	17
185053557	C	A	58	0	30	22
185719178	G	T	56	0	40	26
187146295	G	A	71	0	22	22
187756887	C	A	55	0	30	26
187829553	G	T	62	0	30	20
188429027	G	T	58	0	33	13
188480588	T	A	56	0	38	24
189305807	A	T	67	0	34	14
190355205	C	T	65	0	27	21
191281109	G	C	67	0	28	21
192068898	C	T	70	0	33	16
193369326	A	T	66	0	37	19
193824454	G	A	53	0	30	17
193832389	G	A	67	0	24	26
194283680	C	A	62	0	30	15
194408792	G	A	51	0	27	21
195890907	A	G	71	0	29	24
198560885	G	A	63	0	28	24
198825382	A	T	58	0	40	26
199032422	G	T	70	0	44	22
202892791	C	T	48	0	4	90
203126329	C	T	52	0	16	95
205580821	G	T	53	0	13	97
209512576	A	T	58	0	8	65
209640918	A	G	50	0	11	75
212942050	C	T	46	0	8	87
213169665	G	T	58	0	22	12
214380812	G	A	57	0	12	83
216606251	T	G	50	0	28	20
216766508	G	A	55	0	32	19
217341205	C	T	71	0	34	18
217838490	C	T	57	0	32	15
220174184	A	C	65	0	27	22
220376764	C	A	67	0	27	23
220506775	C	A	60	0	31	28
220981874	T	C	68	0	37	21
221143213	C	T	71	0	34	3
221291237	G	T	59	0	33	18
222407994	C	T	58	0	27	14
222628108	A	G	58	0	33	22
224033479	A	T	67	0	42	23
224096985	G	T	68	0	27	20
224909331	C	T	54	0	32	15
226723494	G	A	68	0	26	21
227462545	G	A	68	0	33	21
227771686	G	C	58	0	28	21
228460639	C	T	57	0	28	24
228725421	G	A	56	0	38	16
228807248	A	G	49	0	38	12
229631643	T	G	59	0	25	13
230767218	C	A	73	0	39	21
231209767	G	C	57	0	37	19
233310408	G	A	64	0	34	24
233453056	A	C	49	0	34	20
233696185	C	T	61	0	30	22
233974826	A	G	66	0	27	22
235397978	G	T	70	0	32	15
235802533	C	T	62	0	32	23
236106926	G	A	68	0	25	24
236120219	T	G	62	0	27	12
236169729	G	A	69	0	26	20
236255982	G	A	80	0	31	18
236295183	C	T	56	0	33	21
237076758	G	T	59	0	41	14
239001984	G	T	61	0	30	20
239327918	T	G	66	0	39	26
239476791	G	T	44	0	33	22
239576237	C	T	59	0	35	30
240109943	G	A	56	0	36	24
240570790	T	G	63	0	34	29
241189455	G	A	63	0	23	21
242388314	C	T	66	0	38	16
242581980	G	A	76	0	32	28
244695806	C	T	51	0	52	20
245225763	G	A	69	0	25	22
245685822	C	A	48	0	22	18
