#pos	ref	alt	a_N	b_N	a_T	b_T
150	C	T	61	0	65	24
556779	A	G	74	0	51	17
558867	T	C	55	0	49	15
559737	C	T	60	0	64	21
1486324	G	A	66	0	54	26
2857140	C	T	67	0	51	21
4149358	C	T	66	0	57	22
6108425	G	A	62	0	66	24
6287040	C	T	59	0	49	23
6309595	G	A	59	0	59	14
11062042	T	C	60	0	54	22
11145953	A	C	56	0	51	22
11951633	C	T	69	0	44	21
15801874	T	C	78	0	57	19
16020809	T	C	59	0	62	19
16566934	T	G	69	0	57	18
16572678	C	A	63	0	51	25
16693710	G	A	59	0	61	19
16747377	C	T	146	0	156	21
16881046	T	A	71	0	74	23
17288242	G	T	59	0	53	19
18707142	T	A	67	0	71	19
20283134	A	T	60	0	58	32
20918547	C	T	66	0	60	27
22167516	C	T	97	0	111	20
23307238	A	T	69	0	53	21
23348187	T	A	64	0	48	26
25595430	A	C	74	0	70	20
25996272	G	A	65	0	54	20
26622485	C	T	55	0	58	19
27641044	G	A	52	0	53	18
27648589	T	C	61	0	40	25
27693488	G	C	53	0	46	24
27910482	C	T	76	0	49	25
28383427	G	T	68	0	53	35
34360871	C	A	55	0	54	25
34673235	C	T	50	0	58	23
34943752	T	A	56	0	68	23
34961035	C	T	62	0	52	25
35773076	G	A	74	0	66	23
35977629	C	A	65	0	60	28
36049670	C	A	55	0	64	18
37101443	G	T	56	0	45	17
38637666	T	C	69	0	52	23
39591764	C	G	56	0	67	37
40220833	G	T	58	0	57	20
40795381	C	A	70	0	45	18
43161464	G	C	59	0	55	20
44301125	A	G	55	0	33	20
45204716	G	A	64	0	53	12
46517198	G	A	68	0	58	20
48564780	C	A	58	0	55	21
50022972	G	A	65	0	44	23
50024994	A	C	54	0	51	23
52114369	A	T	67	0	62	26
52761885	A	C	56	0	70	21
54764848	A	G	76	0	63	21
57056756	C	T	67	0	48	25
67061162	G	T	59	0	32	19
67714987	T	C	59	0	39	28
68987724	T	C	74	0	35	26
69125785	T	G	70	0	35	13
70541027	G	A	65	0	39	24
73848527	C	T	70	0	25	15
76488200	C	A	63	0	41	18
76546575	C	T	58	0	46	4
76966781	C	T	58	0	41	4
77019338	C	A	63	0	41	18
78881941	G	T	61	0	49	12
79716326	C	T	56	0	34	7
80331848	G	T	44	0	41	11
80513240	C	A	61	0	41	4
80736480	C	T	68	0	44	14
80786722	A	C	55	0	47	6
81288297	G	T	61	0	48	13
81537097	T	C	77	0	32	12
81552786	G	A	52	0	37	13
82628757	C	A	44	0	43	7
83245388	G	A	69	0	37	9
85333330	G	A	67	0	46	9
85892082	C	G	65	0	48	9
85995546	C	T	70	0	35	11
86035502	G	A	59	0	44	18
86282044	G	A	54	0	35	11
87204053	T	A	65	0	36	11
87508765	C	T	62	0	49	6
88128357	G	A	59	0	46	12
90680557	A	G	62	0	42	8
91628474	G	T	57	0	34	9
93058503	T	C	55	0	34	5
99011105	C	A	65	0	32	11
100463993	T	A	64	0	39	10
104157232	G	A	45	0	24	11
105978620	C	A	60	0	33	8
105978717	T	A	53	0	28	10
106769684	C	T	59	0	33	9
107469364	A	T	54	0	35	12
108596533	A	T	118	0	72	4
111818919	G	C	69	0	33	9
114582686	G	A	52	0	19	10
117353413	C	A	68	0	32	9
119095912	G	A	60	0	26	8
119680923	C	A	65	0	32	10
121043647	T	G	56	0	28	5
142381526	G	A	59	0	58	4
142794820	C	T	59	0	60	11
143675731	T	A	82	0	77	16
143917639	C	A	80	0	70	20
144526663	G	A	103	0	129	16
146634904	C	G	91	0	98	7
147122486	A	G	68	0	48	8
148202120	C	T	55	0	52	18
148553915	G	T	79	0	52	15
148815709	G	A	65	0	54	18
150715850	C	T	60	0	59	18
150832478	A	T	71	0	45	19
151157835	G	A	68	0	53	25
152075363	G	T	61	0	53	17
153140293	G	A	78	0	47	31
155503003	T	G	70	0	60	20
155536803	A	G	77	0	54	28
155970715	C	A	67	0	63	17
156322594	C	T	67	0	61	26
156875325	G	T	57	0	55	27
157233036	A	G	60	0	57	18
157299085	G	T	66	0	61	17
157638211	G	A	53	0	47	18
157702543	G	T	62	0	46	17
157791587	G	A	68	0	51	25
158566531	G	A	61	0	60	28
162242705	G	A	59	0	53	32
163130056	A	T	43	0	59	25
164491278	A	C	65	0	41	25
166102629	G	A	49	0	55	23
166692941	T	C	71	0	48	17
167123359	G	A	69	0	50	21
167234140	G	A	73	0	51	12
168217387	T	C	70	0	67	17
169162280	G	T	53	0	47	20
169927447	C	A	54	0	44	17
169985347	T	A	55	0	66	27
171582026	C	T	67	0	48	17
175085672	C	G	47	0	50	22
175336025	G	T	55	0	51	21
175401939	C	A	60	0	66	20
177778917	G	T	61	0	33	29
178207649	A	G	57	0	36	31
183811768	C	A	52	0	44	24
184353000	G	T	48	0	40	21
185053557	C	A	55	0	30	32
185719178	G	T	48	0	50	25
187756887	C	A	48	0	30	13
188429027	G	T	61	0	33	21
189305807	A	T	62	0	38	17
192068898	C	T	52	0	38	24
193824454	G	A	75	0	40	28
193832389	G	A	45	0	40	18
194408792	G	A	61	0	33	20
195890907	A	G	55	0	23	17
198560885	G	A	59	0	30	18
198825382	A	T	54	0	36	24
199032422	G	T	68	0	31	21
202892791	C	T	60	0	43	11
203126329	C	T	43	0	43	10
204612951	T	C	48	0	27	10
205580821	G	T	60	0	46	13
207908397	A	C	61	0	42	8
209512576	A	T	61	0	44	16
209578956	C	A	66	0	31	11
209640918	A	G	64	0	48	9
210134563	G	T	57	0	49	12
212942050	C	T	61	0	50	13
212974570	G	A	61	0	40	13
213010451	C	T	70	0	54	8
214380812	G	A	57	0	32	10
216606251	T	G	56	0	51	13
216766508	G	A	61	0	40	8
217341205	C	T	52	0	39	11
217838490	C	T	66	0	35	8
220174184	A	C	50	0	36	14
220376764	C	A	64	0	47	10
220506775	C	A	64	0	38	10
220981874	T	C	56	0	45	12
221291237	G	T	74	0	37	12
222407994	C	T	53	0	44	9
222628108	A	G	69	0	40	13
224033479	A	T	64	0	33	5
224096985	G	T	64	0	57	13
224909331	C	T	74	0	55	11
226723494	G	A	71	0	43	6
227462545	G	A	63	0	39	13
227771686	G	C	73	0	48	7
228460639	C	T	68	0	40	11
228725421	G	A	70	0	47	11
228807248	A	G	52	0	36	13
229631643	T	G	58	0	40	11
230767218	C	A	69	0	42	8
231209767	G	C	57	0	47	13
233310408	G	A	61	0	32	8
233974826	A	G	70	0	32	8
235397978	G	T	66	0	33	11
236106926	G	A	52	0	23	10
236120219	T	G	57	0	33	5
236169729	G	A	58	0	35	16
236255982	G	A	60	0	37	12
236295183	C	T	68	0	33	7
239001984	G	T	54	0	29	10
240109943	G	A	54	0	29	5
241189455	G	A	55	0	34	3
242581980	G	A	63	0	28	10
245225763	G	A	61	0	43	6
