#pos	ref	alt	a_N	b_N	a_T	b_T
150	C	T	58	0	54	37
556779	A	G	70	0	47	26
558867	T	C	45	0	52	21
559737	C	T	62	0	41	49
1486324	G	A	55	0	55	30
2857140	C	T	61	0	42	43
4149358	C	T	51	0	42	34
6108425	G	A	62	0	67	32
6287040	C	T	59	0	43	27
6309595	G	A	68	0	51	33
11062042	T	C	60	0	63	44
11145953	A	C	49	0	59	23
11951633	C	T	57	0	67	34
15801874	T	C	68	1	56	29
16020809	T	C	67	0	68	34
16566934	T	G	65	0	50	43
16572678	C	A	68	0	50	33
16693710	G	A	64	0	52	33
16747377	C	T	137	0	179	39
16881046	T	A	90	0	75	38
17288242	G	T	73	0	58	40
18707142	T	A	77	0	48	33
20283134	A	T	68	0	55	34
20918547	C	T	59	0	43	34
22167516	C	T	114	0	110	34
23307238	A	T	57	0	56	26
23348187	T	A	70	0	42	41
25595430	A	C	72	0	53	32
25996272	G	A	68	0	46	34
26622485	C	T	64	0	63	34
27641044	G	A	65	0	51	38
27648589	T	C	62	0	55	41
27693488	G	C	65	0	43	44
27910482	C	T	55	0	50	33
28383427	G	T	68	0	44	40
34360871	C	A	74	0	54	37
34673235	C	T	52	0	57	28
34943752	T	A	56	0	54	44
34961035	C	T	68	0	61	33
35773076	G	A	59	0	55	45
35977629	C	A	66	0	40	30
36049670	C	A	61	0	53	37
37101443	G	T	75	0	51	44
38637666	T	C	56	0	61	39
39591764	C	G	62	0	70	46
40220833	G	T	53	0	59	36
40795381	C	A	60	0	48	24
43161464	G	C	72	0	34	43
44301125	A	G	55	0	19	43
46517198	G	A	64	0	19	27
52761885	A	C	55	0	14	34
54764848	A	G	65	0	22	36
61263719	A	G	63	0	36	25
64932180	G	A	64	0	46	19
67061162	G	T	49	0	38	18
67714987	T	C	48	0	29	15
68801174	A	G	72	0	38	15
68987724	T	C	66	0	39	23
69125785	T	G	73	0	37	17
69326830	G	T	52	0	28	23
69565947	G	A	68	0	31	21
70541027	G	A	61	0	29	24
70564107	G	A	62	0	31	18
73848527	C	T	77	0	33	21
74699534	C	T	55	0	31	16
75641754	C	T	65	0	36	19
76488200	C	A	58	0	26	22
76546575	C	T	60	0	37	14
76966781	C	T	64	0	36	14
77019338	C	A	67	0	34	14
78881941	G	T	68	0	13	19
80736480	C	T	54	0	15	11
80786722	A	C	52	0	18	20
81288297	G	T	69	0	17	22
81537097	T	C	58	0	8	17
81552786	G	A	67	0	21	22
82628757	C	A	69	0	16	22
83245388	G	A	61	0	13	27
86282044	G	A	38	0	15	23
87508765	C	T	75	0	14	13
91628474	G	T	69	0	24	17
93058503	T	C	46	0	18	24
99011105	C	A	59	0	20	20
100463993	T	A	68	0	18	19
104157232	G	A	57	0	14	16
105978620	C	A	63	0	12	13
105978717	T	A	75	0	14	18
106769684	C	T	53	0	14	16
107469364	A	T	65	0	15	17
108596533	A	T	123	0	60	18
111818919	G	C	55	0	11	26
114582686	G	A	52	0	20	14
117353413	C	A	62	0	25	16
119095912	G	A	74	0	13	11
119680923	C	A	61	0	16	15
121043647	T	G	56	0	12	3
142381526	G	A	72	0	62	19
142794820	C	T	51	0	59	42
143675731	T	A	67	0	84	46
143917639	C	A	93	0	57	42
144526663	G	A	106	0	129	42
146634904	C	G	79	0	93	10
147122486	A	G	65	0	65	33
148202120	C	T	57	0	54	37
148553915	G	T	64	0	38	35
148815709	G	A	69	0	61	44
150715850	C	T	68	0	72	29
150832478	A	T	62	0	48	36
151157835	G	A	58	0	58	39
152075363	G	T	62	0	49	30
153140293	G	A	77	0	52	39
155503003	T	G	54	0	56	35
155536803	A	G	49	0	46	37
155970715	C	A	70	0	62	48
156322594	C	T	62	0	62	32
156875325	G	T	48	0	53	26
157233036	A	G	66	0	53	35
157299085	G	T	71	0	36	30
157638211	G	A	74	0	52	28
157702543	G	T	57	0	55	43
157791587	G	A	51	0	52	43
158566531	G	A	55	0	54	39
162242705	G	A	58	0	56	39
163130056	A	T	59	0	59	34
164491278	A	C	55	0	47	26
166102629	G	A	49	0	50	33
166692941	T	C	60	0	50	29
167123359	G	A	85	0	54	41
167234140	G	A	61	0	61	32
169162280	G	T	69	0	18	38
169927447	C	A	66	0	19	29
175085672	C	G	64	0	12	33
177778917	G	T	64	0	15	26
178207649	A	G	70	0	11	33
183811768	C	A	47	0	12	41
184353000	G	T	61	0	12	35
185053557	C	A	61	0	11	42
185719178	G	T	57	0	12	43
187756887	C	A	53	0	16	36
188429027	G	T	71	0	23	35
189305807	A	T	65	0	11	25
192068898	C	T	62	0	13	48
193824454	G	A	62	0	14	24
193832389	G	A	65	0	14	45
194408792	G	A	65	0	22	39
195890907	A	G	63	0	17	30
198560885	G	A	54	0	13	50
198825382	A	T	78	0	16	32
199032422	G	T	45	0	17	29
204612951	T	C	51	0	24	28
207908397	A	C	56	0	19	43
209578956	C	A	60	0	18	35
210134563	G	T	62	0	9	29
212974570	G	A	64	0	15	36
213010451	C	T	67	0	17	32
216766508	G	A	49	0	14	44
217341205	C	T	66	0	25	42
220376764	C	A	53	0	13	44
220981874	T	C	72	0	43	20
221291237	G	T	59	0	52	12
222407994	C	T	62	0	37	18
222628108	A	G	62	0	34	13
224033479	A	T	48	0	36	19
224096985	G	T	61	0	42	18
224909331	C	T	56	0	29	15
226723494	G	A	72	0	29	19
227462545	G	A	53	0	34	19
227771686	G	C	62	0	31	16
228460639	C	T	51	0	21	18
228725421	G	A	54	0	31	16
228807248	A	G	67	0	37	12
229631643	T	G	52	0	32	19
230767218	C	A	59	0	33	18
231209767	G	C	57	0	37	19
233310408	G	A	67	0	17	20
233453056	A	C	69	0	30	16
233696185	C	T	73	0	33	20
233974826	A	G	66	0	42	23
235397978	G	T	69	0	15	16
236106926	G	A	62	0	19	19
236120219	T	G	65	0	19	14
236169729	G	A	48	0	20	16
236255982	G	A	67	0	19	19
236295183	C	T	64	0	18	20
239001984	G	T	51	0	18	19
240109943	G	A	62	0	16	19
241189455	G	A	71	0	26	25
242581980	G	A	66	0	20	20
245225763	G	A	66	0	14	28
