#pos	ref	alt	a_N	b_N	a_T	b_T
150	C	T	63	0	24	12
556779	A	G	65	0	23	19
558867	T	C	71	0	26	20
559737	C	T	61	0	28	27
1486324	G	A	63	0	21	15
2857140	C	T	56	0	28	17
4149358	C	T	59	0	31	18
6108425	G	A	60	0	28	17
6287040	C	T	64	0	23	23
6309595	G	A	65	0	27	15
11062042	T	C	57	0	34	11
11145953	A	C	70	0	29	12
11951633	C	T	63	0	25	11
15801874	T	C	72	1	23	19
16020809	T	C	63	0	18	19
16566934	T	G	57	0	36	18
16572678	C	A	64	0	26	21
16693710	G	A	60	0	28	19
16747377	C	T	133	0	81	21
16881046	T	A	65	0	40	16
17288242	G	T	57	0	21	10
18707142	T	A	70	0	21	21
20283134	A	T	66	0	38	13
20918547	C	T	62	0	38	37
22167516	C	T	101	0	85	20
23307238	A	T	45	0	40	17
23348187	T	A	72	0	23	36
25595430	A	C	65	0	35	44
25996272	G	A	75	0	32	34
26622485	C	T	69	0	28	44
27641044	G	A	62	0	38	35
27648589	T	C	74	0	34	30
27693488	G	C	68	0	53	20
27910482	C	T	68	0	50	9
28383427	G	T	72	0	44	20
34360871	C	A	59	0	29	35
34673235	C	T	55	0	41	8
34943752	T	A	73	0	52	17
34961035	C	T	69	0	24	39
35773076	G	A	59	0	54	16
35977629	C	A	46	0	61	23
36049670	C	A	51	0	42	17
37101443	G	T	59	0	25	32
38637666	T	C	66	0	36	41
39591764	C	G	59	0	48	13
40220833	G	T	54	0	26	29
40795381	C	A	53	0	22	43
43161464	G	C	65	0	54	25
44301125	A	G	58	0	31	33
45204716	G	A	54	0	60	12
46517198	G	A	66	0	31	39
48564780	C	A	56	0	44	19
50022972	G	A	81	0	50	16
50024994	A	C	55	0	37	21
52114369	A	T	61	0	47	21
52761885	A	C	60	0	18	29
54764848	A	G	59	0	41	45
57056756	C	T	64	0	48	20
61263719	A	G	63	0	52	21
64932180	G	A	68	0	42	20
67061162	G	T	48	0	30	24
67714987	T	C	66	0	23	43
68801174	A	G	69	0	48	18
68987724	T	C	59	0	33	34
69125785	T	G	77	0	20	39
69326830	G	T	61	0	54	15
69565947	G	A	50	0	47	20
70541027	G	A	65	0	21	30
70564107	G	A	64	0	43	15
73848527	C	T	57	0	30	38
74699534	C	T	52	0	45	24
75641754	C	T	50	0	54	27
76488200	C	A	63	0	32	44
76546575	C	T	79	0	46	15
76966781	C	T	53	0	56	17
77019338	C	A	54	0	40	22
78881941	G	T	56	0	44	35
79716326	C	T	48	0	42	19
80331848	G	T	64	0	53	16
80513240	C	A	57	0	58	22
80736480	C	T	57	0	32	28
80786722	A	C	65	0	30	27
81288297	G	T	68	0	29	38
81537097	T	C	58	0	17	48
81552786	G	A	54	0	32	38
82628757	C	A	48	0	39	41
83245388	G	A	57	0	28	38
85333330	G	A	58	0	51	14
85892082	C	G	68	0	45	19
85995546	C	T	65	0	57	18
86035502	G	A	57	0	35	16
86282044	G	A	61	0	16	32
87204053	T	A	62	0	60	19
87508765	C	T	69	0	19	27
88128357	G	A	63	0	48	14
90680557	A	G	53	0	38	11
91628474	G	T	66	0	30	47
91853636	G	T	50	0	42	21
93058503	T	C	67	0	23	42
93192515	C	T	48	0	43	19
99011105	C	A	68	0	28	41
100184452	C	T	63	0	50	14
100463993	T	A	62	0	26	34
101857031	G	A	53	0	36	22
102097505	G	A	55	0	44	27
102857617	G	A	60	0	37	21
103196714	T	A	60	0	42	13
104157232	G	A	56	0	22	30
104690287	G	C	49	0	54	20
105978620	C	A	62	0	31	37
105978717	T	A	67	0	26	45
106338353	T	C	70	0	52	14
106769684	C	T	46	0	30	39
107469364	A	T	66	0	35	30
108596533	A	T	123	0	97	48
109570824	T	A	65	0	43	15
110511338	C	A	60	0	43	22
111818919	G	C	57	0	21	42
113124500	C	T	75	0	45	21
114582686	G	A	63	0	36	36
116450610	C	G	61	0	53	17
116758424	C	T	66	0	42	15
117353413	C	A	58	0	15	31
117907374	A	C	56	0	41	19
118738158	G	A	76	0	42	13
119095912	G	A	60	0	26	42
119680923	C	A	56	0	21	32
120687577	G	A	78	0	81	21
121043647	T	G	63	0	32	14
142381526	G	A	61	0	22	19
142794820	C	T	69	0	25	34
143675731	T	A	60	0	35	38
143917639	C	A	61	0	42	42
144526663	G	A	116	0	86	29
146634904	C	G	92	0	59	11
147122486	A	G	82	0	51	21
148202120	C	T	56	0	33	31
148553915	G	T	57	0	38	16
148815709	G	A	50	0	38	21
150715850	C	T	67	0	43	13
150832478	A	T	57	0	39	17
151157835	G	A	61	0	47	16
152075363	G	T	70	0	44	23
153140293	G	A	58	0	42	19
155503003	T	G	50	0	57	27
155536803	A	G	56	0	27	33
155970715	C	A	56	0	49	24
156322594	C	T	72	0	39	13
156875325	G	T	64	0	35	20
157233036	A	G	62	0	38	23
157299085	G	T	60	0	40	13
157638211	G	A	53	0	51	14
157702543	G	T	64	0	34	33
157791587	G	A	63	0	23	21
158566531	G	A	61	0	56	19
162242705	G	A	54	0	25	43
163130056	A	T	48	0	35	32
164491278	A	C	63	0	16	32
166102629	G	A	72	0	21	31
166692941	T	C	66	0	42	30
167123359	G	A	50	0	43	17
167234140	G	A	61	0	52	14
168217387	T	C	58	0	50	15
169162280	G	T	57	0	28	34
169927447	C	A	62	0	19	24
169985347	T	A	56	0	27	24
171582026	C	T	42	0	45	18
175085672	C	G	49	0	27	32
175336025	G	T	62	0	46	21
175401939	C	A	59	0	47	19
177778917	G	T	62	0	25	39
178207649	A	G	74	0	26	35
178820143	G	T	56	0	33	15
179749509	C	T	49	0	51	21
183811768	C	A	69	0	36	27
184353000	G	T	68	0	35	39
185053557	C	A	60	0	26	43
185719178	G	T	69	0	28	35
187146295	G	A	70	0	34	16
187756887	C	A	57	0	31	38
187829553	G	T	75	0	41	16
188429027	G	T	56	0	21	37
188480588	T	A	87	0	47	26
189305807	A	T	61	0	26	28
190355205	C	T	59	0	43	16
191281109	G	C	59	0	48	16
192068898	C	T	59	0	36	36
193369326	A	T	54	0	50	24
193824454	G	A	62	0	26	38
193832389	G	A	72	0	29	28
194283680	C	A	70	0	44	21
194408792	G	A	68	0	26	48
195890907	A	G	65	0	27	25
198560885	G	A	62	0	24	38
198825382	A	T	76	0	15	33
199032422	G	T	53	0	31	31
202892791	C	T	64	0	47	16
203126329	C	T	66	0	38	16
204612951	T	C	56	0	29	25
205580821	G	T	64	0	56	23
207908397	A	C	54	0	19	37
209512576	A	T	66	0	40	16
209578956	C	A	50	0	23	45
209640918	A	G	60	0	49	12
210134563	G	T	70	0	30	40
212942050	C	T	59	0	40	13
212974570	G	A	54	0	27	35
213010451	C	T	58	0	37	35
213169665	G	T	65	0	55	4
214380812	G	A	69	0	51	22
216606251	T	G	62	0	50	26
216766508	G	A	59	0	22	25
217341205	C	T	68	0	22	39
217838490	C	T	76	0	40	18
220174184	A	C	54	0	45	30
220376764	C	A	75	0	26	25
220506775	C	A	70	0	38	18
220981874	T	C	49	0	52	9
221143213	C	T	64	0	56	4
221291237	G	T	72	0	55	22
222407994	C	T	69	0	52	24
222628108	A	G	53	0	33	33
224033479	A	T	59	0	38	17
224096985	G	T	50	0	29	35
224909331	C	T	71	0	38	17
226723494	G	A	58	0	24	32
227462545	G	A	66	0	28	33
227771686	G	C	75	0	24	30
228460639	C	T	60	0	52	14
228725421	G	A	62	0	48	9
228807248	A	G	58	0	25	30
229631643	T	G	63	0	39	27
230767218	C	A	58	0	60	20
231209767	G	C	56	0	41	14
233310408	G	A	62	0	28	46
233453056	A	C	64	0	51	18
233696185	C	T	67	0	56	19
233974826	A	G	64	0	30	32
235397978	G	T	61	0	30	38
235802533	C	T	66	0	54	13
236106926	G	A	52	0	32	41
236120219	T	G	62	0	24	41
236169729	G	A	45	0	18	32
236255982	G	A	75	0	38	41
236295183	C	T	57	0	23	33
237076758	G	T	55	0	54	10
239001984	G	T	70	0	28	16
239327918	T	G	62	0	19	17
239476791	G	T	67	0	25	19
239576237	C	T	59	0	24	12
240109943	G	A	57	0	31	20
240570790	T	G	58	0	28	15
241189455	G	A	61	0	25	13
242388314	C	T	56	0	32	15
242581980	G	A	60	0	25	25
244695806	C	T	56	0	22	20
245225763	G	A	68	0	27	18
