#pos	ref	alt	a_N	b_N	a_T	b_T
558867	T	C	72	0	20	51
559737	C	T	63	0	18	50
4149358	C	T	69	0	17	33
6108425	G	A	68	0	14	47
6287040	C	T	52	0	18	42
11145953	A	C	44	0	29	31
11951633	C	T	64	0	24	35
16020809	T	C	65	0	17	35
16693710	G	A	56	0	23	33
16881046	T	A	66	0	24	53
20918547	C	T	58	0	23	57
23348187	T	A	61	0	26	49
25595430	A	C	91	0	30	35
25996272	G	A	55	0	20	45
26622485	C	T	58	0	15	41
27641044	G	A	66	0	13	47
27648589	T	C	59	0	17	44
34360871	C	A	62	0	16	41
34961035	C	T	55	0	13	46
37101443	G	T	55	0	15	44
38637666	T	C	74	0	19	52
40220833	G	T	59	0	14	47
40795381	C	A	63	0	18	56
44301125	A	G	76	0	19	48
46517198	G	A	58	0	17	36
52761885	A	C	68	0	24	47
54764848	A	G	67	0	24	35
67061162	G	T	69	0	20	41
67714987	T	C	59	0	19	30
68987724	T	C	84	0	20	45
69125785	T	G	63	0	21	39
70541027	G	A	52	0	25	28
73848527	C	T	69	0	17	50
76488200	C	A	61	0	22	48
78881941	G	T	58	0	17	43
80736480	C	T	51	0	14	33
80786722	A	C	57	0	10	45
81288297	G	T	54	0	12	49
81537097	T	C	55	0	16	38
81552786	G	A	62	0	12	41
82628757	C	A	54	0	19	42
83245388	G	A	59	0	15	35
86282044	G	A	56	0	21	38
87508765	C	T	59	0	14	44
91628474	G	T	61	0	20	45
93058503	T	C	52	0	18	53
99011105	C	A	59	0	15	43
100463993	T	A	56	0	16	49
104157232	G	A	71	0	21	51
105978620	C	A	64	0	18	42
105978717	T	A	65	0	10	46
106769684	C	T	59	0	17	47
107469364	A	T	63	0	16	41
108596533	A	T	127	0	87	40
111818919	G	C	73	0	24	44
114582686	G	A	66	0	16	33
117353413	C	A	50	0	16	42
119095912	G	A	79	0	15	72
119680923	C	A	47	0	19	32
120687577	G	A	85	0	65	14
121043647	T	G	46	0	44	7
142381526	G	A	73	0	39	10
142794820	C	T	57	0	42	16
143675731	T	A	70	0	42	29
143917639	C	A	72	0	50	11
144526663	G	A	122	0	99	18
146634904	C	G	91	0	67	6
147122486	A	G	63	0	39	20
148202120	C	T	62	0	27	20
148553915	G	T	57	0	28	15
148815709	G	A	59	0	42	25
150715850	C	T	67	0	43	25
150832478	A	T	47	0	29	26
151157835	G	A	63	0	42	20
152075363	G	T	66	0	41	16
153140293	G	A	69	0	32	23
155503003	T	G	69	0	38	27
155536803	A	G	49	0	34	18
155970715	C	A	57	0	46	20
156322594	C	T	76	0	45	20
156875325	G	T	73	0	42	19
157233036	A	G	50	0	50	23
157299085	G	T	49	0	31	22
157638211	G	A	50	0	44	23
157702543	G	T	58	0	52	22
157791587	G	A	56	0	33	24
158566531	G	A	66	0	43	27
162242705	G	A	50	0	47	23
163130056	A	T	71	0	42	22
164491278	A	C	63	0	42	23
166102629	G	A	63	0	32	23
166692941	T	C	57	0	41	21
167123359	G	A	70	0	37	23
167234140	G	A	66	0	41	21
168217387	T	C	67	0	38	16
169162280	G	T	66	0	40	18
169927447	C	A	59	0	32	16
169985347	T	A	62	0	50	18
171582026	C	T	58	0	44	21
175085672	C	G	71	0	38	30
175336025	G	T	58	0	46	24
175401939	C	A	74	0	40	23
177778917	G	T	52	0	29	25
178207649	A	G	63	0	40	26
178820143	G	T	66	0	39	9
179749509	C	T	65	0	53	21
183811768	C	A	68	0	39	17
184353000	G	T	67	0	39	18
185053557	C	A	55	0	21	21
185719178	G	T	59	0	41	23
187146295	G	A	70	0	42	17
187756887	C	A	70	0	43	20
187829553	G	T	44	0	41	30
188429027	G	T	51	0	116	22
188480588	T	A	53	0	49	85
189305807	A	T	58	0	41	16
190355205	C	T	64	0	33	17
191281109	G	C	52	0	32	23
192068898	C	T	58	0	38	21
193369326	A	T	65	0	46	19
193824454	G	A	73	0	36	19
193832389	G	A	72	0	47	18
194283680	C	A	60	0	35	16
194408792	G	A	64	0	34	24
195890907	A	G	69	0	47	17
198560885	G	A	71	0	48	22
198825382	A	T	72	0	41	23
199032422	G	T	64	0	37	24
202892791	C	T	63	0	43	23
203126329	C	T	51	0	39	24
204612951	T	C	49	0	38	14
205580821	G	T	69	0	41	24
207908397	A	C	60	0	43	19
209512576	A	T	59	0	38	18
209578956	C	A	61	0	25	24
209640918	A	G	70	0	29	22
210134563	G	T	71	0	31	23
212942050	C	T	56	0	36	26
212974570	G	A	50	0	45	18
213010451	C	T	51	0	39	27
213169665	G	T	62	0	45	6
214380812	G	A	66	0	40	24
216606251	T	G	64	0	41	19
216766508	G	A	65	0	43	27
217341205	C	T	49	0	42	25
217838490	C	T	61	0	33	17
220174184	A	C	60	0	42	23
220376764	C	A	63	0	40	27
220506775	C	A	58	0	34	25
220981874	T	C	59	0	43	25
221143213	C	T	69	0	62	3
221291237	G	T	60	0	51	18
222407994	C	T	65	0	43	95
222628108	A	G	66	0	96	12
224033479	A	T	59	0	47	24
224096985	G	T	65	0	39	23
224909331	C	T	59	0	37	18
226723494	G	A	61	0	51	21
227462545	G	A	70	0	35	20
227771686	G	C	53	0	37	19
228460639	C	T	71	0	37	21
228725421	G	A	64	0	47	15
228807248	A	G	63	0	36	18
229631643	T	G	61	0	35	23
230767218	C	A	72	0	39	17
231209767	G	C	56	0	34	23
233310408	G	A	67	0	51	21
233453056	A	C	58	0	36	18
233696185	C	T	55	0	46	20
233974826	A	G	69	0	32	16
235397978	G	T	59	0	45	19
235802533	C	T	67	0	27	14
236106926	G	A	56	0	34	24
236120219	T	G	59	0	33	28
236169729	G	A	60	0	35	15
236255982	G	A	61	0	33	24
236295183	C	T	56	0	46	12
237076758	G	T	60	0	38	18
239001984	G	T	41	0	33	25
239327918	T	G	65	0	45	17
239476791	G	T	60	0	23	23
239576237	C	T	68	0	43	17
240109943	G	A	62	0	33	18
240570790	T	G	57	0	35	16
241189455	G	A	59	0	44	18
242388314	C	T	67	0	40	16
242581980	G	A	56	0	47	21
244695806	C	T	67	0	46	24
245225763	G	A	57	0	34	22
245685822	C	A	59	0	36	26
