#pos	ref	alt	a_N	b_N	a_T	b_T
150	C	T	60	0	38	10
556779	A	G	57	0	48	18
558867	T	C	77	0	43	16
559737	C	T	54	0	43	10
1486324	G	A	64	0	41	8
2857140	C	T	62	0	40	7
4149358	C	T	70	0	53	11
6108425	G	A	57	0	49	13
6287040	C	T	50	0	37	10
6309595	G	A	53	0	42	13
11062042	T	C	70	0	53	11
11145953	A	C	48	0	37	7
11951633	C	T	61	0	40	17
15801874	T	C	57	1	37	4
16020809	T	C	62	0	57	14
16566934	T	G	65	0	51	13
16572678	C	A	62	0	43	9
16693710	G	A	69	0	24	9
16747377	C	T	145	0	138	10
16881046	T	A	79	0	56	15
17288242	G	T	60	0	46	9
18707142	T	A	57	0	55	11
20283134	A	T	59	0	54	18
20918547	C	T	59	0	58	13
22167516	C	T	91	0	75	8
23307238	A	T	62	0	57	13
23348187	T	A	63	0	37	9
25595430	A	C	85	0	62	12
25996272	G	A	63	0	40	7
26622485	C	T	50	0	40	6
27641044	G	A	58	0	40	13
27648589	T	C	61	0	48	12
27693488	G	C	81	0	35	11
27910482	C	T	57	0	53	11
28383427	G	T	57	0	52	11
34360871	C	A	55	0	51	9
34673235	C	T	64	0	39	14
34943752	T	A	74	0	53	11
34961035	C	T	69	0	44	10
35773076	G	A	65	0	44	8
35977629	C	A	69	0	50	12
36049670	C	A	50	0	57	15
37101443	G	T	68	0	45	5
38637666	T	C	62	0	53	16
39591764	C	G	65	0	56	13
40220833	G	T	62	0	48	12
40795381	C	A	59	0	48	12
43161464	G	C	68	0	42	8
44301125	A	G	62	0	43	8
45204716	G	A	64	0	46	15
48564780	C	A	56	0	35	38
50022972	G	A	51	0	36	39
50024994	A	C	59	0	31	38
52114369	A	T	67	0	40	32
57056756	C	T	62	0	32	48
61263719	A	G	57	0	39	18
64932180	G	A	66	0	52	13
67061162	G	T	64	0	38	8
67714987	T	C	71	0	52	16
68801174	A	G	48	0	41	9
68987724	T	C	66	0	46	8
69125785	T	G	65	0	48	9
69326830	G	T	64	0	42	11
69565947	G	A	52	0	39	12
70541027	G	A	55	0	46	7
70564107	G	A	78	0	43	16
73848527	C	T	52	0	46	6
74699534	C	T	60	0	35	12
75641754	C	T	54	0	46	12
76488200	C	A	68	0	31	34
78881941	G	T	65	0	30	42
80736480	C	T	75	0	42	33
80786722	A	C	58	0	42	23
81288297	G	T	51	0	32	34
81537097	T	C	65	0	40	31
81552786	G	A	59	0	32	41
82628757	C	A	75	0	47	32
83245388	G	A	55	0	28	25
86282044	G	A	61	0	35	32
87508765	C	T	51	0	34	30
91628474	G	T	56	0	43	15
91853636	G	T	56	0	33	11
93058503	T	C	60	0	39	12
93192515	C	T	57	0	36	8
99011105	C	A	72	0	48	14
100184452	C	T	52	0	45	12
100463993	T	A	69	0	58	14
101857031	G	A	63	0	52	6
102097505	G	A	55	0	50	13
102857617	G	A	65	0	37	7
103196714	T	A	70	0	63	12
104157232	G	A	50	0	52	12
104690287	G	C	55	0	38	10
105978620	C	A	74	0	48	9
105978717	T	A	58	0	48	10
106338353	T	C	54	0	60	10
106769684	C	T	57	0	46	10
107469364	A	T	51	0	48	12
108596533	A	T	124	0	91	12
109570824	T	A	61	0	42	9
110511338	C	A	59	0	40	13
111818919	G	C	61	0	43	11
113124500	C	T	49	0	44	8
114582686	G	A	54	0	41	13
116450610	C	G	57	0	38	13
116758424	C	T	65	0	39	13
117353413	C	A	66	0	61	5
117907374	A	C	58	0	32	11
118738158	G	A	60	0	41	20
119095912	G	A	56	0	47	11
119680923	C	A	53	0	43	10
120687577	G	A	71	0	66	6
142381526	G	A	70	0	46	4
142794820	C	T	53	0	44	13
143675731	T	A	65	0	57	8
143917639	C	A	82	0	69	10
144526663	G	A	104	1	100	10
146634904	C	G	74	0	67	6
147122486	A	G	66	0	47	8
148202120	C	T	67	0	47	12
148553915	G	T	73	0	43	8
148815709	G	A	68	0	45	15
150715850	C	T	69	0	46	5
150832478	A	T	66	0	48	10
151157835	G	A	57	0	40	11
152075363	G	T	74	0	43	11
153140293	G	A	54	0	40	9
155503003	T	G	46	0	48	9
155536803	A	G	52	0	42	11
155970715	C	A	65	0	51	8
156322594	C	T	63	0	54	13
156875325	G	T	62	0	36	10
157233036	A	G	69	0	57	14
157299085	G	T	72	0	43	12
157638211	G	A	60	0	44	9
157702543	G	T	56	0	46	9
157791587	G	A	49	0	43	11
158566531	G	A	53	0	41	17
162242705	G	A	59	0	43	9
163130056	A	T	77	0	30	20
164491278	A	C	68	0	44	6
166102629	G	A	49	0	41	18
166692941	T	C	57	0	44	15
167123359	G	A	58	0	41	8
167234140	G	A	59	0	35	12
169162280	G	T	81	0	30	36
169927447	C	A	50	0	29	23
175085672	C	G	69	0	26	41
177778917	G	T	69	0	45	11
178207649	A	G	69	0	46	5
178820143	G	T	51	0	50	8
179749509	C	T	66	0	50	14
183811768	C	A	54	0	48	12
184353000	G	T	65	0	38	7
185053557	C	A	65	0	45	9
185719178	G	T	59	0	40	9
187146295	G	A	60	0	51	10
187756887	C	A	57	0	45	8
187829553	G	T	68	0	42	18
188429027	G	T	62	0	35	4
188480588	T	A	64	0	48	10
189305807	A	T	63	0	50	5
190355205	C	T	58	0	27	9
191281109	G	C	66	0	50	11
192068898	C	T	54	0	39	16
193369326	A	T	64	0	44	8
193824454	G	A	62	0	34	13
193832389	G	A	66	0	47	12
194283680	C	A	67	0	39	14
194408792	G	A	70	0	49	10
195890907	A	G	68	0	51	18
198560885	G	A	70	0	43	9
198825382	A	T	47	0	41	12
199032422	G	T	59	0	37	16
202892791	C	T	59	0	34	47
203126329	C	T	57	0	43	47
205580821	G	T	68	0	44	44
209512576	A	T	60	0	33	41
209640918	A	G	53	0	44	58
212942050	C	T	52	0	32	45
213169665	G	T	56	0	58	4
214380812	G	A	53	0	34	42
216606251	T	G	65	0	31	47
217838490	C	T	75	0	39	47
220174184	A	C	66	0	30	45
220506775	C	A	68	0	41	44
220981874	T	C	47	0	32	30
221143213	C	T	84	0	46	5
221291237	G	T	69	0	33	52
222407994	C	T	50	0	37	43
224033479	A	T	62	0	30	42
224909331	C	T	42	0	30	27
228460639	C	T	62	0	35	42
228725421	G	A	58	0	39	55
229631643	T	G	58	0	44	38
230767218	C	A	62	0	37	50
231209767	G	C	63	0	42	42
233310408	G	A	53	0	36	7
233453056	A	C	59	0	40	9
233696185	C	T	52	0	45	14
233974826	A	G	65	0	54	8
235397978	G	T	70	0	37	8
235802533	C	T	58	0	43	11
236106926	G	A	64	0	56	10
236120219	T	G	72	0	50	13
236169729	G	A	66	0	51	11
236255982	G	A	62	0	47	14
236295183	C	T	59	0	45	18
237076758	G	T	58	0	44	10
239001984	G	T	71	0	52	15
239327918	T	G	45	0	42	8
239476791	G	T	65	0	47	15
239576237	C	T	62	0	36	12
240109943	G	A	57	0	44	7
240570790	T	G	59	0	34	14
241189455	G	A	66	0	58	6
242388314	C	T	55	0	50	11
242581980	G	A	61	0	48	10
244695806	C	T	67	0	40	7
245225763	G	A	32	0	46	8
245685822	C	A	62	0	49	7
