#pos	ref	alt	a_N	b_N	a_T	b_T
150	C	T	70	0	34	8
556779	A	G	61	0	55	21
558867	T	C	60	0	43	8
559737	C	T	52	0	46	11
1486324	G	A	69	0	46	12
2857140	C	T	59	0	45	10
4149358	C	T	64	0	45	13
6108425	G	A	57	0	50	13
6287040	C	T	60	0	48	12
6309595	G	A	65	0	44	19
11062042	T	C	61	0	42	13
11145953	A	C	64	0	42	13
11951633	C	T	74	0	45	20
15801874	T	C	71	1	48	9
16020809	T	C	62	0	53	18
16566934	T	G	62	0	39	14
16572678	C	A	66	0	50	11
16693710	G	A	47	0	44	22
16747377	C	T	146	0	104	13
16881046	T	A	69	0	56	21
17288242	G	T	62	0	51	13
18707142	T	A	54	0	54	11
20283134	A	T	61	0	66	14
20918547	C	T	60	0	57	37
22167516	C	T	101	0	111	15
23307238	A	T	68	0	51	13
23348187	T	A	74	0	45	11
25595430	A	C	67	0	54	16
25996272	G	A	49	0	50	16
26622485	C	T	52	0	43	11
27641044	G	A	71	0	54	21
27648589	T	C	66	0	44	12
27693488	G	C	61	0	40	14
27910482	C	T	61	0	48	8
28383427	G	T	75	0	53	24
34360871	C	A	63	0	59	10
34673235	C	T	71	0	48	17
34943752	T	A	71	0	45	12
34961035	C	T	47	0	49	18
35773076	G	A	50	0	56	12
35977629	C	A	68	0	51	16
36049670	C	A	67	0	53	11
37101443	G	T	47	0	31	19
38637666	T	C	65	0	48	13
39591764	C	G	57	0	49	16
40220833	G	T	66	0	33	10
40795381	C	A	47	0	41	18
43161464	G	C	48	0	47	16
44301125	A	G	54	0	43	6
45204716	G	A	58	0	46	18
46517198	G	A	66	0	35	15
48564780	C	A	51	0	59	15
50022972	G	A	69	0	33	24
50024994	A	C	61	0	52	20
52114369	A	T	71	0	47	12
52761885	A	C	67	0	43	7
54764848	A	G	64	0	43	9
57056756	C	T	60	0	45	20
61263719	A	G	58	0	61	15
64932180	G	A	65	0	39	18
67061162	G	T	66	0	54	14
67714987	T	C	53	0	42	11
68801174	A	G	63	0	42	17
68987724	T	C	64	0	39	13
69125785	T	G	73	0	41	16
69326830	G	T	51	0	56	24
69565947	G	A	80	0	47	9
70541027	G	A	55	0	46	15
70564107	G	A	62	0	42	11
73848527	C	T	61	0	44	16
74699534	C	T	59	0	48	12
75641754	C	T	72	0	43	10
76488200	C	A	52	0	43	19
76546575	C	T	56	0	47	17
76966781	C	T	72	0	45	13
77019338	C	A	59	0	44	10
78881941	G	T	50	0	32	17
79716326	C	T	61	0	45	11
80331848	G	T	58	0	51	17
80513240	C	A	61	0	50	11
80736480	C	T	60	0	45	15
80786722	A	C	64	0	47	19
81288297	G	T	55	0	46	22
81537097	T	C	68	0	48	15
81552786	G	A	50	0	45	19
82628757	C	A	57	0	45	16
83245388	G	A	82	0	54	16
85333330	G	A	53	0	45	20
85892082	C	G	46	0	39	14
85995546	C	T	65	0	39	13
86035502	G	A	49	0	47	15
86282044	G	A	74	0	36	15
87204053	T	A	49	0	43	17
87508765	C	T	56	0	52	13
88128357	G	A	63	0	46	16
90680557	A	G	61	0	42	14
91628474	G	T	69	0	56	13
91853636	G	T	75	0	32	14
93058503	T	C	59	0	50	24
93192515	C	T	61	0	41	9
99011105	C	A	62	0	47	21
100184452	C	T	56	0	66	13
100463993	T	A	51	0	48	18
101857031	G	A	63	0	55	14
102097505	G	A	45	0	39	10
102857617	G	A	70	0	41	11
103196714	T	A	58	0	46	12
104157232	G	A	50	0	37	14
104690287	G	C	56	0	37	15
105978620	C	A	49	0	49	11
105978717	T	A	59	0	55	20
106338353	T	C	55	0	46	13
106769684	C	T	51	0	53	18
107469364	A	T	53	0	52	8
108596533	A	T	112	0	108	20
109570824	T	A	58	0	63	11
110511338	C	A	62	0	45	12
111818919	G	C	61	0	52	15
113124500	C	T	51	0	41	18
114582686	G	A	62	0	50	13
116450610	C	G	66	0	40	16
116758424	C	T	60	0	39	15
117353413	C	A	75	0	46	13
117907374	A	C	51	0	38	11
118738158	G	A	54	0	58	19
119095912	G	A	62	0	41	18
119680923	C	A	54	0	58	16
120687577	G	A	74	0	69	12
121043647	T	G	68	0	38	5
142381526	G	A	50	0	44	6
142794820	C	T	57	0	50	20
143675731	T	A	63	0	52	15
143917639	C	A	67	0	69	18
144526663	G	A	105	0	81	14
147122486	A	G	65	0	58	14
148202120	C	T	51	0	29	10
148553915	G	T	64	0	43	19
148815709	G	A	65	0	45	18
150715850	C	T	65	0	52	20
150832478	A	T	48	0	43	18
151157835	G	A	66	0	49	11
152075363	G	T	64	0	47	16
153140293	G	A	69	0	52	16
155503003	T	G	74	0	45	16
155536803	A	G	66	0	48	13
155970715	C	A	66	0	46	19
156322594	C	T	50	0	50	11
156875325	G	T	49	0	47	16
157233036	A	G	55	0	53	10
157299085	G	T	66	0	54	12
157638211	G	A	69	0	47	13
157702543	G	T	60	0	43	14
157791587	G	A	59	0	44	13
158566531	G	A	75	0	41	12
162242705	G	A	58	0	36	9
163130056	A	T	67	0	46	19
164491278	A	C	57	0	51	17
166102629	G	A	67	0	43	14
166692941	T	C	65	0	39	15
167123359	G	A	55	0	57	13
167234140	G	A	46	0	41	17
168217387	T	C	57	0	44	14
169162280	G	T	62	0	39	16
169927447	C	A	54	0	44	9
169985347	T	A	62	0	46	13
171582026	C	T	66	0	45	14
175085672	C	G	47	0	46	15
175336025	G	T	49	0	31	12
175401939	C	A	61	0	53	16
177778917	G	T	67	0	51	17
178207649	A	G	67	0	36	11
178820143	G	T	53	0	49	15
179749509	C	T	72	0	54	13
183811768	C	A	59	0	49	21
184353000	G	T	67	0	42	19
185053557	C	A	56	0	51	15
185719178	G	T	62	0	56	18
187146295	G	A	55	0	37	13
187756887	C	A	62	0	44	18
187829553	G	T	38	0	43	12
188429027	G	T	57	0	44	14
188480588	T	A	62	0	51	17
189305807	A	T	65	0	48	12
190355205	C	T	48	0	51	25
191281109	G	C	68	0	44	14
192068898	C	T	59	0	50	8
193369326	A	T	59	0	55	9
193824454	G	A	60	0	47	16
193832389	G	A	65	0	36	14
194283680	C	A	54	0	55	21
194408792	G	A	59	0	42	15
195890907	A	G	74	0	42	11
198560885	G	A	58	0	49	13
198825382	A	T	58	0	64	15
199032422	G	T	66	0	40	15
202892791	C	T	70	0	48	16
203126329	C	T	63	0	42	21
204612951	T	C	46	0	46	13
205580821	G	T	51	0	45	16
207908397	A	C	64	0	61	13
209512576	A	T	59	0	42	29
209578956	C	A	63	0	57	9
209640918	A	G	67	0	41	31
210134563	G	T	71	0	60	17
212942050	C	T	61	0	50	34
212974570	G	A	77	0	75	14
213010451	C	T	67	0	57	12
214380812	G	A	73	0	45	31
216606251	T	G	58	0	47	16
216766508	G	A	58	0	50	15
217341205	C	T	61	0	30	12
217838490	C	T	49	0	36	14
220174184	A	C	67	0	44	19
220376764	C	A	70	0	53	18
220506775	C	A	64	0	46	14
220981874	T	C	62	0	37	15
221143213	C	T	73	0	58	5
221291237	G	T	62	0	47	13
222407994	C	T	60	0	57	24
222628108	A	G	48	0	46	12
224033479	A	T	49	0	39	17
224096985	G	T	42	0	44	15
224909331	C	T	58	0	51	20
226723494	G	A	60	0	46	15
227462545	G	A	52	0	29	16
227771686	G	C	66	0	38	13
228460639	C	T	54	0	51	16
228725421	G	A	68	0	49	22
228807248	A	G	62	0	47	15
229631643	T	G	65	0	50	19
230767218	C	A	57	0	65	12
231209767	G	C	58	0	49	10
233310408	G	A	59	0	41	19
233453056	A	C	59	0	50	17
233696185	C	T	53	0	51	17
233974826	A	G	61	0	52	17
235397978	G	T	56	0	52	14
235802533	C	T	63	0	54	14
236106926	G	A	61	0	53	10
236120219	T	G	55	0	39	13
236169729	G	A	64	0	44	16
236255982	G	A	57	0	48	11
236295183	C	T	64	0	36	10
237076758	G	T	72	0	41	16
239001984	G	T	57	0	47	19
239327918	T	G	44	0	55	16
239476791	G	T	57	0	41	15
239576237	C	T	58	0	59	12
240109943	G	A	67	0	37	16
240570790	T	G	66	0	49	19
241189455	G	A	63	0	42	12
242388314	C	T	69	0	41	12
242581980	G	A	55	0	50	15
244695806	C	T	66	0	46	10
245225763	G	A	71	0	38	13
245685822	C	A	44	0	45	13
