#pos	ref	alt	a_N	b_N	a_T	b_T
558867	T	C	64	0	32	35
559737	C	T	63	0	29	30
4149358	C	T	68	0	26	39
6108425	G	A	50	0	37	28
6287040	C	T	75	0	29	26
11145953	A	C	45	0	27	22
11951633	C	T	81	0	31	30
16020809	T	C	61	0	35	34
16693710	G	A	53	0	34	28
16881046	T	A	64	0	45	28
20918547	C	T	73	0	38	22
23348187	T	A	61	0	28	30
25595430	A	C	67	0	39	27
25996272	G	A	55	0	28	36
26622485	C	T	56	0	33	30
27641044	G	A	58	0	31	27
27648589	T	C	47	0	30	37
34360871	C	A	56	0	34	31
34961035	C	T	56	0	38	28
37101443	G	T	75	0	27	29
38637666	T	C	69	0	24	26
40220833	G	T	53	0	35	27
40795381	C	A	59	0	42	34
44301125	A	G	64	0	30	34
46517198	G	A	77	0	28	30
52761885	A	C	60	0	37	31
54764848	A	G	56	0	20	37
67061162	G	T	70	0	29	26
67714987	T	C	67	0	26	25
68987724	T	C	52	0	31	33
69125785	T	G	53	0	29	31
70541027	G	A	57	0	21	27
73848527	C	T	66	0	28	33
76488200	C	A	64	0	29	31
78881941	G	T	53	0	27	33
80736480	C	T	58	0	33	24
80786722	A	C	69	0	30	39
81288297	G	T	50	0	28	42
81537097	T	C	51	0	24	37
81552786	G	A	64	0	32	34
82628757	C	A	64	0	24	39
83245388	G	A	51	0	25	31
86282044	G	A	66	0	25	40
87508765	C	T	70	0	33	30
91628474	G	T	64	0	27	36
93058503	T	C	68	0	34	18
99011105	C	A	52	0	37	31
100463993	T	A	78	0	40	37
104157232	G	A	53	0	30	27
105978620	C	A	52	0	31	41
105978717	T	A	62	0	26	34
106769684	C	T	42	0	29	28
107469364	A	T	54	0	24	21
108596533	A	T	120	0	97	28
111818919	G	C	66	0	22	34
114582686	G	A	64	0	35	22
117353413	C	A	61	0	40	28
119095912	G	A	58	0	30	57
119680923	C	A	63	0	34	34
120687577	G	A	82	0	61	15
142381526	G	A	54	0	50	5
142794820	C	T	54	0	58	25
143675731	T	A	72	0	52	21
143917639	C	A	91	0	59	10
144526663	G	A	96	0	84	11
147122486	A	G	75	0	52	14
148202120	C	T	58	0	35	18
148553915	G	T	71	0	41	16
148815709	G	A	64	0	44	15
150715850	C	T	58	0	41	15
150832478	A	T	59	0	36	9
151157835	G	A	50	0	45	20
152075363	G	T	69	0	33	19
153140293	G	A	54	0	63	16
155503003	T	G	75	0	44	11
155536803	A	G	64	0	40	14
155970715	C	A	62	0	41	15
156322594	C	T	63	0	45	16
156875325	G	T	61	0	47	12
157233036	A	G	59	0	52	14
157299085	G	T	61	0	47	10
157638211	G	A	69	0	56	18
157702543	G	T	67	0	52	12
157791587	G	A	59	0	52	16
158566531	G	A	65	0	43	13
162242705	G	A	70	0	38	13
163130056	A	T	56	0	55	19
164491278	A	C	68	0	45	11
166102629	G	A	63	0	44	13
166692941	T	C	68	0	39	13
167123359	G	A	57	0	35	16
167234140	G	A	60	0	44	14
168217387	T	C	67	0	40	10
169162280	G	T	72	0	51	19
169927447	C	A	51	0	42	11
169985347	T	A	68	0	47	20
171582026	C	T	69	0	41	15
175085672	C	G	67	0	43	15
175336025	G	T	68	0	41	14
175401939	C	A	67	0	41	18
177778917	G	T	67	0	54	18
178207649	A	G	50	0	49	13
178820143	G	T	64	0	45	16
179749509	C	T	52	0	54	23
183811768	C	A	58	0	39	18
184353000	G	T	54	0	52	18
185053557	C	A	74	0	55	11
185719178	G	T	65	0	49	15
187146295	G	A	65	0	30	20
187756887	C	A	61	0	50	14
187829553	G	T	56	0	50	11
188429027	G	T	65	0	90	19
188480588	T	A	61	0	61	52
189305807	A	T	64	0	40	12
190355205	C	T	62	0	55	13
191281109	G	C	80	0	53	8
192068898	C	T	69	0	41	9
193369326	A	T	71	0	52	8
193824454	G	A	68	0	46	18
193832389	G	A	57	0	52	17
194283680	C	A	48	0	40	11
194408792	G	A	64	0	53	20
195890907	A	G	66	0	36	13
198560885	G	A	47	0	44	15
198825382	A	T	61	0	47	11
199032422	G	T	75	0	47	16
202892791	C	T	59	0	44	17
203126329	C	T	58	0	36	17
204612951	T	C	52	0	27	9
205580821	G	T	65	0	51	13
207908397	A	C	55	0	49	16
209512576	A	T	72	0	43	10
209578956	C	A	66	0	44	22
209640918	A	G	56	0	31	12
210134563	G	T	68	0	44	14
212942050	C	T	64	0	54	21
212974570	G	A	69	0	62	13
213010451	C	T	62	0	39	20
214380812	G	A	59	0	39	15
216606251	T	G	84	0	44	19
216766508	G	A	54	0	55	16
217341205	C	T	68	0	54	9
217838490	C	T	64	0	43	23
220174184	A	C	62	0	41	15
220376764	C	A	72	0	47	13
220506775	C	A	60	0	42	8
220981874	T	C	62	0	45	15
221143213	C	T	72	0	56	3
221291237	G	T	65	0	41	12
222407994	C	T	65	0	55	59
222628108	A	G	60	0	94	10
224033479	A	T	67	0	55	15
224096985	G	T	49	0	47	12
224909331	C	T	60	0	57	16
226723494	G	A	67	0	36	17
227462545	G	A	55	0	38	20
227771686	G	C	58	0	34	21
228460639	C	T	77	0	44	18
228725421	G	A	62	0	41	20
228807248	A	G	66	0	55	11
229631643	T	G	62	0	41	12
230767218	C	A	64	0	36	10
231209767	G	C	62	0	50	9
233310408	G	A	56	0	54	15
233453056	A	C	58	0	49	21
233696185	C	T	65	0	48	12
233974826	A	G	64	0	49	12
235397978	G	T	76	0	49	15
235802533	C	T	53	0	51	19
236106926	G	A	54	0	49	22
236120219	T	G	74	0	45	20
236169729	G	A	57	0	39	6
236255982	G	A	58	0	35	14
236295183	C	T	58	0	42	17
237076758	G	T	50	0	52	10
239001984	G	T	72	0	42	21
239327918	T	G	66	0	41	19
239476791	G	T	90	0	40	14
239576237	C	T	56	0	50	11
240109943	G	A	62	0	53	13
240570790	T	G	63	0	52	15
241189455	G	A	75	0	46	10
242388314	C	T	61	0	42	19
242581980	G	A	58	0	50	19
244695806	C	T	60	0	46	14
245225763	G	A	68	0	41	18
245685822	C	A	58	0	46	16
