#pos	ref	alt	a_N	b_N	a_T	b_T
558867	T	C	54	0	55	17
559737	C	T	68	0	36	23
4149358	C	T	64	0	41	21
6108425	G	A	58	0	55	23
6287040	C	T	50	0	39	19
11145953	A	C	74	0	56	18
11951633	C	T	59	0	47	12
16020809	T	C	55	0	42	13
16693710	G	A	58	0	44	10
16881046	T	A	88	0	43	26
20918547	C	T	64	0	43	24
23348187	T	A	55	0	39	21
25595430	A	C	66	0	54	24
25996272	G	A	54	0	42	15
26622485	C	T	74	0	38	19
27641044	G	A	57	0	46	21
27648589	T	C	61	0	46	19
34360871	C	A	65	0	38	15
34961035	C	T	66	0	43	19
37101443	G	T	54	0	40	19
38637666	T	C	62	0	44	16
40220833	G	T	60	0	39	25
40795381	C	A	57	0	46	23
44301125	A	G	38	0	36	28
46517198	G	A	52	0	46	21
52761885	A	C	60	0	44	8
54764848	A	G	78	0	51	21
67061162	G	T	62	0	52	23
67714987	T	C	66	0	48	12
68987724	T	C	57	0	53	16
69125785	T	G	62	0	39	21
70541027	G	A	60	0	41	21
73848527	C	T	55	0	36	17
76488200	C	A	60	0	40	21
78881941	G	T	54	0	43	21
80736480	C	T	63	0	32	14
80786722	A	C	53	0	41	12
81288297	G	T	52	0	43	13
81537097	T	C	68	0	35	21
81552786	G	A	67	0	58	15
82628757	C	A	56	0	44	24
83245388	G	A	57	0	45	13
86282044	G	A	61	0	40	26
87508765	C	T	58	0	35	24
91628474	G	T	60	0	54	17
93058503	T	C	49	0	41	29
99011105	C	A	70	0	48	16
100463993	T	A	66	0	35	25
104157232	G	A	65	0	41	16
105978620	C	A	52	0	41	19
105978717	T	A	64	0	38	12
106769684	C	T	50	0	34	21
107469364	A	T	65	0	40	23
108596533	A	T	127	0	109	16
111818919	G	C	57	0	39	21
114582686	G	A	76	0	58	15
117353413	C	A	56	0	41	19
119095912	G	A	63	0	46	29
119680923	C	A	58	0	41	13
120687577	G	A	93	0	71	4
121043647	T	G	50	0	46	3
142381526	G	A	50	0	56	5
142794820	C	T	70	0	43	7
143675731	T	A	71	0	57	7
143917639	C	A	84	0	62	9
144526663	G	A	112	0	92	4
146634904	C	G	102	0	77	8
147122486	A	G	60	0	60	7
148202120	C	T	60	0	37	4
148553915	G	T	72	0	62	5
148815709	G	A	47	0	59	8
150715850	C	T	67	0	50	14
151157835	G	A	71	0	45	9
152075363	G	T	59	0	55	8
153140293	G	A	49	0	46	11
155503003	T	G	68	0	47	11
155536803	A	G	63	0	54	10
155970715	C	A	58	0	43	11
156322594	C	T	53	0	47	12
156875325	G	T	68	0	47	6
157233036	A	G	58	0	46	7
157299085	G	T	59	0	55	10
157638211	G	A	69	0	62	15
157791587	G	A	53	0	42	7
158566531	G	A	57	0	41	15
162242705	G	A	64	0	44	7
163130056	A	T	53	0	53	8
164491278	A	C	66	0	43	14
166102629	G	A	67	0	50	9
166692941	T	C	66	0	68	13
167123359	G	A	60	0	58	11
167234140	G	A	56	0	56	7
168217387	T	C	62	0	44	3
169162280	G	T	47	0	60	13
169927447	C	A	61	0	49	4
169985347	T	A	65	0	42	9
171582026	C	T	52	0	54	11
175085672	C	G	56	0	46	12
175336025	G	T	42	0	42	13
175401939	C	A	72	0	61	5
177778917	G	T	66	0	69	9
178207649	A	G	63	0	48	10
178820143	G	T	64	0	61	8
179749509	C	T	54	0	54	15
183811768	C	A	56	0	45	5
184353000	G	T	59	0	44	10
185053557	C	A	61	0	64	14
185719178	G	T	54	0	48	5
187146295	G	A	58	0	57	15
187756887	C	A	71	0	51	6
187829553	G	T	59	0	50	9
188429027	G	T	64	0	97	10
188480588	T	A	70	0	48	33
189305807	A	T	61	0	47	6
190355205	C	T	50	0	59	9
191281109	G	C	61	0	54	10
192068898	C	T	61	0	55	9
193369326	A	T	79	0	54	13
193824454	G	A	67	0	60	14
193832389	G	A	58	0	57	10
194283680	C	A	61	0	56	16
194408792	G	A	68	0	58	10
195890907	A	G	72	0	47	11
198560885	G	A	70	0	52	8
198825382	A	T	67	0	44	9
199032422	G	T	67	0	41	5
202892791	C	T	57	0	48	7
203126329	C	T	67	0	59	9
204612951	T	C	49	0	51	4
205580821	G	T	57	0	48	5
207908397	A	C	73	0	49	6
209512576	A	T	72	0	34	7
209578956	C	A	47	0	54	9
209640918	A	G	72	0	53	11
210134563	G	T	77	0	51	6
212942050	C	T	63	0	54	7
212974570	G	A	49	0	58	13
213010451	C	T	48	0	56	9
214380812	G	A	70	0	57	7
216606251	T	G	54	0	46	11
216766508	G	A	66	0	47	9
217341205	C	T	64	0	41	11
217838490	C	T	82	0	70	7
220174184	A	C	63	0	43	6
220376764	C	A	70	0	51	5
220506775	C	A	55	0	70	11
220981874	T	C	59	0	55	9
221143213	C	T	55	0	72	5
221291237	G	T	64	0	56	12
222407994	C	T	67	0	50	29
222628108	A	G	63	0	88	7
224033479	A	T	66	0	49	6
224096985	G	T	69	0	57	8
224909331	C	T	60	0	62	11
226723494	G	A	53	0	40	9
227462545	G	A	58	0	47	8
227771686	G	C	46	0	53	9
228460639	C	T	52	0	55	7
228725421	G	A	64	0	50	11
228807248	A	G	72	0	39	7
229631643	T	G	65	0	48	7
230767218	C	A	60	0	59	13
231209767	G	C	60	0	44	12
233310408	G	A	77	0	58	15
233453056	A	C	61	0	45	8
233696185	C	T	60	0	52	3
233974826	A	G	60	0	50	9
235397978	G	T	74	0	50	8
235802533	C	T	56	0	59	9
236106926	G	A	70	0	49	5
236120219	T	G	69	0	64	7
236169729	G	A	62	0	45	7
236255982	G	A	71	0	58	11
236295183	C	T	63	0	44	8
237076758	G	T	52	0	61	10
239001984	G	T	80	0	47	7
239327918	T	G	59	0	47	12
239476791	G	T	68	0	61	9
239576237	C	T	44	0	43	10
240109943	G	A	59	0	56	14
240570790	T	G	63	0	49	14
241189455	G	A	55	0	54	18
242388314	C	T	56	0	43	16
242581980	G	A	56	0	61	8
244695806	C	T	60	0	47	10
245225763	G	A	63	0	56	7
245685822	C	A	63	0	53	10
