#pos	ref	alt	a_N	b_N	a_T	b_T
150	C	T	76	0	36	13
556779	A	G	70	0	32	20
558867	T	C	62	0	35	17
559737	C	T	58	0	48	24
1486324	G	A	53	0	29	11
2857140	C	T	62	0	33	12
4149358	C	T	59	0	31	13
6108425	G	A	72	0	38	19
6287040	C	T	46	0	34	13
6309595	G	A	49	0	26	17
11062042	T	C	60	0	24	18
11145953	A	C	60	0	48	19
11951633	C	T	58	0	41	13
15801874	T	C	58	0	44	8
16020809	T	C	70	0	49	21
16566934	T	G	61	0	46	18
16572678	C	A	48	0	40	18
16693710	G	A	51	0	29	24
16747377	C	T	144	0	158	22
16881046	T	A	70	0	51	26
17288242	G	T	61	0	58	13
18707142	T	A	60	0	51	23
20283134	A	T	73	0	48	11
20918547	C	T	58	0	30	36
22167516	C	T	106	0	100	20
23307238	A	T	54	0	57	22
23348187	T	A	70	0	34	35
25595430	A	C	56	0	45	40
25996272	G	A	47	0	46	25
26622485	C	T	57	0	32	28
27641044	G	A	56	0	39	34
27648589	T	C	66	0	40	31
27693488	G	C	52	0	50	12
27910482	C	T	58	0	45	17
28383427	G	T	58	0	46	13
34360871	C	A	70	0	29	28
34673235	C	T	64	0	54	18
34943752	T	A	68	0	48	16
34961035	C	T	85	0	41	40
35773076	G	A	60	0	47	12
35977629	C	A	52	0	57	17
36049670	C	A	67	0	45	18
37101443	G	T	54	0	39	29
38637666	T	C	62	0	34	34
39591764	C	G	56	0	37	15
40220833	G	T	59	0	42	31
40795381	C	A	51	0	29	32
43161464	G	C	62	0	66	11
44301125	A	G	65	0	27	40
45204716	G	A	63	0	47	19
46517198	G	A	76	0	34	34
48564780	C	A	66	0	48	18
50022972	G	A	61	0	47	13
50024994	A	C	52	0	55	11
52114369	A	T	63	0	54	16
52761885	A	C	66	0	30	48
54764848	A	G	66	0	34	22
57056756	C	T	58	0	50	17
61263719	A	G	57	0	48	14
64932180	G	A	64	0	64	13
67061162	G	T	64	0	33	37
67714987	T	C	55	0	34	27
68801174	A	G	65	0	49	18
68987724	T	C	51	0	26	27
69125785	T	G	56	0	26	19
69326830	G	T	72	0	62	18
69565947	G	A	60	0	43	21
70541027	G	A	62	0	28	29
70564107	G	A	68	0	59	15
73848527	C	T	85	0	46	35
74699534	C	T	62	0	41	16
75641754	C	T	62	0	50	14
76488200	C	A	70	0	31	23
76546575	C	T	52	0	51	13
76966781	C	T	54	0	56	13
77019338	C	A	75	0	58	21
78881941	G	T	64	0	40	36
79716326	C	T	62	0	61	14
80331848	G	T	53	0	43	9
80513240	C	A	66	0	55	18
80736480	C	T	66	0	40	35
80786722	A	C	68	0	29	37
81288297	G	T	55	0	44	29
81537097	T	C	64	0	38	37
81552786	G	A	61	0	33	42
82628757	C	A	65	0	41	38
83245388	G	A	53	0	43	31
85333330	G	A	70	0	50	14
85892082	C	G	49	0	58	16
85995546	C	T	46	0	46	20
86035502	G	A	54	0	45	19
86282044	G	A	64	0	33	29
87204053	T	A	47	0	55	18
87508765	C	T	70	0	40	36
88128357	G	A	57	0	59	12
90680557	A	G	57	0	50	18
91628474	G	T	62	0	37	31
91853636	G	T	53	0	55	14
93058503	T	C	60	0	32	46
93192515	C	T	72	0	47	14
99011105	C	A	53	0	38	24
100184452	C	T	54	0	55	22
100463993	T	A	61	0	47	31
101857031	G	A	52	0	58	17
102097505	G	A	70	0	47	19
102857617	G	A	68	0	47	11
103196714	T	A	55	0	60	17
104157232	G	A	68	0	29	21
104690287	G	C	59	0	52	16
105978620	C	A	67	0	34	26
105978717	T	A	51	0	34	38
106338353	T	C	65	0	50	10
106769684	C	T	64	0	37	34
107469364	A	T	74	0	44	25
108596533	A	T	117	0	100	26
109570824	T	A	75	0	70	9
110511338	C	A	58	0	50	9
111818919	G	C	59	0	31	30
113124500	C	T	56	0	61	11
114582686	G	A	69	0	30	21
116450610	C	G	66	0	56	18
116758424	C	T	62	0	49	18
117353413	C	A	66	0	35	36
117907374	A	C	55	0	51	14
118738158	G	A	62	0	53	9
119095912	G	A	76	0	41	22
119680923	C	A	63	0	42	18
120687577	G	A	92	0	71	17
121043647	T	G	49	0	33	6
142381526	G	A	59	0	32	17
142794820	C	T	80	0	34	23
143675731	T	A	65	0	54	32
143917639	C	A	87	0	53	25
144526663	G	A	110	0	98	22
146634904	C	G	95	0	75	10
147122486	A	G	74	0	46	14
148202120	C	T	65	0	32	31
148553915	G	T	60	0	46	16
148815709	G	A	66	0	46	20
150715850	C	T	55	0	57	21
150832478	A	T	55	0	66	19
151157835	G	A	56	0	47	17
152075363	G	T	62	0	56	17
153140293	G	A	58	0	55	13
155503003	T	G	72	0	45	17
155536803	A	G	63	0	43	27
155970715	C	A	55	0	52	12
156322594	C	T	66	0	52	12
156875325	G	T	60	0	68	15
157233036	A	G	66	0	61	18
157299085	G	T	57	0	41	19
157638211	G	A	40	0	58	17
157702543	G	T	64	0	31	27
157791587	G	A	70	0	37	38
158566531	G	A	67	0	48	10
162242705	G	A	66	0	35	26
163130056	A	T	55	0	40	18
164491278	A	C	71	0	30	33
166102629	G	A	61	0	33	20
166692941	T	C	67	0	45	17
167123359	G	A	62	0	49	16
167234140	G	A	50	0	44	12
168217387	T	C	56	0	55	18
169162280	G	T	59	0	29	42
169927447	C	A	68	0	38	22
169985347	T	A	56	0	48	17
171582026	C	T	72	0	50	10
175085672	C	G	59	0	29	36
175336025	G	T	52	0	59	8
175401939	C	A	57	0	42	9
177778917	G	T	67	0	40	33
178207649	A	G	58	0	32	28
178820143	G	T	67	0	41	11
179749509	C	T	53	0	65	15
183811768	C	A	69	0	34	29
184353000	G	T	62	0	39	35
185053557	C	A	57	0	44	25
185719178	G	T	70	0	37	37
187146295	G	A	75	0	53	14
187756887	C	A	58	0	40	26
187829553	G	T	62	0	48	15
188429027	G	T	68	0	33	36
188480588	T	A	58	0	48	17
189305807	A	T	56	0	47	23
190355205	C	T	55	0	53	13
191281109	G	C	60	0	55	14
192068898	C	T	63	0	36	23
193369326	A	T	57	0	51	11
193824454	G	A	57	0	39	29
193832389	G	A	53	0	32	45
194283680	C	A	71	0	62	15
194408792	G	A	56	0	30	35
195890907	A	G	66	0	42	34
198560885	G	A	52	0	40	24
198825382	A	T	65	0	36	33
199032422	G	T	73	0	36	36
202892791	C	T	57	0	49	14
203126329	C	T	63	0	48	14
204612951	T	C	61	0	32	18
205580821	G	T	79	0	46	12
207908397	A	C	58	0	39	29
209512576	A	T	70	0	30	17
209578956	C	A	62	0	40	26
209640918	A	G	52	0	33	16
210134563	G	T	54	0	35	25
212942050	C	T	62	0	35	20
212974570	G	A	56	0	39	19
213010451	C	T	71	0	38	7
214380812	G	A	71	0	37	14
216606251	T	G	61	0	45	19
216766508	G	A	65	0	32	15
217341205	C	T	70	0	42	14
217838490	C	T	60	0	35	16
220174184	A	C	67	0	24	18
220376764	C	A	66	0	32	22
220506775	C	A	49	0	45	15
220981874	T	C	68	0	33	16
221143213	C	T	82	0	57	5
221291237	G	T	64	0	32	16
222407994	C	T	56	0	34	17
222628108	A	G	59	0	29	15
224033479	A	T	61	0	39	14
224096985	G	T	55	0	34	14
224909331	C	T	74	0	44	16
226723494	G	A	68	0	14	16
227462545	G	A	61	0	23	16
227771686	G	C	73	0	17	24
228807248	A	G	66	0	17	13
233310408	G	A	78	0	28	21
233974826	A	G	64	0	28	16
235397978	G	T	70	0	21	15
236106926	G	A	56	0	17	14
236120219	T	G	67	0	22	14
236169729	G	A	57	0	17	10
236255982	G	A	60	0	14	8
236295183	C	T	68	0	19	17
239001984	G	T	68	0	21	17
240109943	G	A	79	0	22	11
241189455	G	A	48	0	16	11
242581980	G	A	58	0	16	23
245225763	G	A	63	0	15	18
